6 0.3828125 0.11203703703703703 0.6005208333333333 0.11203703703703703 0.6005208333333333 0.32314814814814813 0.3828125 0.32314814814814813
6 0.6104166666666667 0.20462962962962963 0.6635416666666667 0.20462962962962963 0.6635416666666667 0.34074074074074073 0.6104166666666667 0.34074074074074073
6 0.6338541666666667 0.387037037037037 0.7067708333333333 0.387037037037037 0.7067708333333333 0.5453703703703704 0.6338541666666667 0.5453703703703704
6 0.453125 0.362962962962963 0.5213541666666667 0.362962962962963 0.5213541666666667 0.487962962962963 0.453125 0.487962962962963
6 0.39114583333333336 0.49907407407407406 0.459375 0.49907407407407406 0.459375 0.6138888888888889 0.39114583333333336 0.6138888888888889
6 0.6078125 0.6351851851851852 0.7104166666666667 0.6351851851851852 0.7104166666666667 0.9037037037037037 0.6078125 0.9037037037037037
6 0.5072916666666667 0.5120370370370371 0.5619791666666667 0.5120370370370371 0.5619791666666667 0.6 0.5072916666666667 0.6
6 0.5421875 0.562962962962963 0.625 0.562962962962963 0.625 0.7518518518518519 0.5421875 0.7518518518518519
6 0.4359375 0.6444444444444445 0.465625 0.6444444444444445 0.465625 0.8074074074074075 0.4359375 0.8074074074074075
6 0.47552083333333334 0.6925925925925925 0.5348958333333333 0.6925925925925925 0.5348958333333333 0.7453703703703703 0.47552083333333334 0.7453703703703703
6 0.4791666666666667 0.825 0.596875 0.825 0.596875 0.9398148148148148 0.4791666666666667 0.9398148148148148