6 0.3625 0.03333333333333333 0.6421875 0.03333333333333333 0.6421875 0.2 0.3625 0.2
6 0.4890625 0.16666666666666666 0.584375 0.16666666666666666 0.584375 0.375 0.4890625 0.375
6 0.3015625 0.3055555555555556 0.409375 0.3055555555555556 0.409375 0.925 0.3015625 0.925
6 0.6796875 0.3388888888888889 0.7421875 0.3388888888888889 0.7421875 0.575 0.6796875 0.575
6 0.5953125 0.43333333333333335 0.684375 0.43333333333333335 0.684375 0.5055555555555555 0.5953125 0.5055555555555555
6 0.3765625 0.39166666666666666 0.4671875 0.39166666666666666 0.4671875 0.45 0.3765625 0.45
6 0.6546875 0.6638888888888889 0.7109375 0.6638888888888889 0.7109375 0.9222222222222223 0.6546875 0.9222222222222223
6 0.5703125 0.7972222222222223 0.66875 0.7972222222222223 0.66875 0.9916666666666667 0.5703125 0.9916666666666667
6 0.396875 0.7638888888888888 0.4859375 0.7638888888888888 0.4859375 0.9916666666666667 0.396875 0.9916666666666667
6 0.6 0.5388888888888889 0.6734375 0.5388888888888889 0.6734375 0.675 0.6 0.675
6 0.3765625 0.4861111111111111 0.475 0.4861111111111111 0.475 0.6777777777777778 0.3765625 0.6777777777777778