5 0.375 0.5 0.39663461538461536 0.5 0.39663461538461536 0.5254777070063694 0.375 0.5254777070063694
5 0.6418269230769231 0.5286624203821656 0.6754807692307693 0.5286624203821656 0.6754807692307693 0.5636942675159236 0.6418269230769231 0.5636942675159236
5 0.5288461538461539 0.5700636942675159 0.5504807692307693 0.5700636942675159 0.5504807692307693 0.5955414012738853 0.5288461538461539 0.5955414012738853
5 0.49759615384615385 0.5700636942675159 0.5336538461538461 0.5700636942675159 0.5336538461538461 0.6146496815286624 0.49759615384615385 0.6146496815286624
5 0.25721153846153844 0.60828025477707 0.29086538461538464 0.60828025477707 0.29086538461538464 0.6464968152866242 0.25721153846153844 0.6464968152866242
5 0.5985576923076923 0.6369426751592356 0.625 0.6369426751592356 0.625 0.6656050955414012 0.5985576923076923 0.6656050955414012
5 0.6298076923076923 0.6592356687898089 0.6586538461538461 0.6592356687898089 0.6586538461538461 0.6815286624203821 0.6298076923076923 0.6815286624203821
5 0.6322115384615384 0.6815286624203821 0.6586538461538461 0.6815286624203821 0.6586538461538461 0.7038216560509554 0.6322115384615384 0.7038216560509554
5 0.5649038461538461 0.6847133757961783 0.5913461538461539 0.6847133757961783 0.5913461538461539 0.7070063694267515 0.5649038461538461 0.7070063694267515
5 0.6995192307692307 0.7006369426751592 0.7211538461538461 0.7006369426751592 0.7211538461538461 0.7261146496815286 0.6995192307692307 0.7261146496815286
5 0.5649038461538461 0.7133757961783439 0.5865384615384616 0.7133757961783439 0.5865384615384616 0.7356687898089171 0.5649038461538461 0.7356687898089171
5 0.3870192307692308 0.7101910828025477 0.41346153846153844 0.7101910828025477 0.41346153846153844 0.7547770700636943 0.3870192307692308 0.7547770700636943
5 0.5240384615384616 0.7738853503184714 0.5504807692307693 0.7738853503184714 0.5504807692307693 0.7993630573248408 0.5240384615384616 0.7993630573248408
5 0.23557692307692307 0.7929936305732485 0.2620192307692308 0.7929936305732485 0.2620192307692308 0.821656050955414 0.23557692307692307 0.821656050955414
5 0.5408653846153846 0.8248407643312102 0.5697115384615384 0.8248407643312102 0.5697115384615384 0.8535031847133758 0.5408653846153846 0.8535031847133758
5 0.35336538461538464 0.8598726114649682 0.3798076923076923 0.8598726114649682 0.3798076923076923 0.8821656050955414 0.35336538461538464 0.8821656050955414
5 0.5168269230769231 0.856687898089172 0.5360576923076923 0.856687898089172 0.5360576923076923 0.8853503184713376 0.5168269230769231 0.8853503184713376
5 0.49038461538461536 0.8630573248407644 0.5168269230769231 0.8630573248407644 0.5168269230769231 0.8885350318471338 0.49038461538461536 0.8885350318471338
5 0.39903846153846156 0.8757961783439491 0.4206730769230769 0.8757961783439491 0.4206730769230769 0.8980891719745223 0.39903846153846156 0.8980891719745223
5 0.39663461538461536 0.89171974522293 0.41586538461538464 0.89171974522293 0.41586538461538464 0.9140127388535032 0.39663461538461536 0.9140127388535032
5 0.5240384615384616 0.9012738853503185 0.5456730769230769 0.9012738853503185 0.5456730769230769 0.9267515923566879 0.5240384615384616 0.9267515923566879
5 0.37740384615384615 0.9203821656050956 0.40384615384615385 0.9203821656050956 0.40384615384615385 0.9554140127388535 0.37740384615384615 0.9554140127388535
5 0.46875 0.9203821656050956 0.49759615384615385 0.9203821656050956 0.49759615384615385 0.9554140127388535 0.46875 0.9554140127388535