5 0.43028846153846156 0.29936305732484075 0.4831730769230769 0.29936305732484075 0.4831730769230769 0.3471337579617834 0.43028846153846156 0.3471337579617834
5 0.24519230769230768 0.3248407643312102 0.29086538461538464 0.3248407643312102 0.29086538461538464 0.3821656050955414 0.24519230769230768 0.3821656050955414
5 0.5072115384615384 0.3343949044585987 0.5408653846153846 0.3343949044585987 0.5408653846153846 0.3821656050955414 0.5072115384615384 0.3821656050955414
5 0.3629807692307692 0.36942675159235666 0.4014423076923077 0.36942675159235666 0.4014423076923077 0.42038216560509556 0.3629807692307692 0.42038216560509556
5 0.5889423076923077 0.3821656050955414 0.625 0.3821656050955414 0.625 0.4299363057324841 0.5889423076923077 0.4299363057324841
5 0.5697115384615384 0.6369426751592356 0.6057692307692307 0.6369426751592356 0.6057692307692307 0.6751592356687898 0.5697115384615384 0.6751592356687898
5 0.3701923076923077 0.044585987261146494 0.39663461538461536 0.044585987261146494 0.39663461538461536 0.09235668789808917 0.3701923076923077 0.09235668789808917
5 0.4110576923076923 0.06687898089171974 0.44711538461538464 0.06687898089171974 0.44711538461538464 0.11146496815286625 0.4110576923076923 0.11146496815286625
5 0.2548076923076923 0.06687898089171974 0.2980769230769231 0.06687898089171974 0.2980769230769231 0.1178343949044586 0.2548076923076923 0.1178343949044586
5 0.3293269230769231 0.09235668789808917 0.36778846153846156 0.09235668789808917 0.36778846153846156 0.13694267515923567 0.3293269230769231 0.13694267515923567
5 0.2692307692307692 0.1305732484076433 0.3076923076923077 0.1305732484076433 0.3076923076923077 0.16878980891719744 0.2692307692307692 0.16878980891719744
5 0.4182692307692308 0.12738853503184713 0.4639423076923077 0.12738853503184713 0.4639423076923077 0.17834394904458598 0.4182692307692308 0.17834394904458598
5 0.4014423076923077 0 0.44711538461538464 0 0.44711538461538464 0.03503184713375796 0.4014423076923077 0.03503184713375796
5 0.6009615384615384 0.13694267515923567 0.6346153846153846 0.13694267515923567 0.6346153846153846 0.19745222929936307 0.6009615384615384 0.19745222929936307
5 0.5072115384615384 0.18471337579617833 0.5600961538461539 0.18471337579617833 0.5600961538461539 0.24522292993630573 0.5072115384615384 0.24522292993630573