5 0.2860576923076923 0.4394904458598726 0.34615384615384615 0.4394904458598726 0.34615384615384615 0.4968152866242038 0.2860576923076923 0.4968152866242038
5 0.5168269230769231 0.4585987261146497 0.5600961538461539 0.4585987261146497 0.5600961538461539 0.5159235668789809 0.5168269230769231 0.5159235668789809
5 0.16826923076923078 0.46496815286624205 0.22596153846153846 0.46496815286624205 0.22596153846153846 0.5445859872611465 0.16826923076923078 0.5445859872611465
5 0.5456730769230769 0.5063694267515924 0.5817307692307693 0.5063694267515924 0.5817307692307693 0.535031847133758 0.5456730769230769 0.535031847133758
5 0.34615384615384615 0.5605095541401274 0.40865384615384615 0.5605095541401274 0.40865384615384615 0.60828025477707 0.34615384615384615 0.60828025477707
5 0.18990384615384615 0.554140127388535 0.2283653846153846 0.554140127388535 0.2283653846153846 0.6210191082802548 0.18990384615384615 0.6210191082802548
5 0.1466346153846154 0.5764331210191083 0.19951923076923078 0.5764331210191083 0.19951923076923078 0.6337579617834395 0.1466346153846154 0.6337579617834395
5 0.45913461538461536 0.6369426751592356 0.5048076923076923 0.6369426751592356 0.5048076923076923 0.6878980891719745 0.45913461538461536 0.6878980891719745
5 0.5673076923076923 0.6401273885350318 0.6201923076923077 0.6401273885350318 0.6201923076923077 0.7070063694267515 0.5673076923076923 0.7070063694267515
5 0.5721153846153846 0.7101910828025477 0.6225961538461539 0.7101910828025477 0.6225961538461539 0.767515923566879 0.5721153846153846 0.767515923566879
5 0.59375 0.07006369426751592 0.6634615384615384 0.07006369426751592 0.6634615384615384 0.1305732484076433 0.59375 0.1305732484076433
5 0.4639423076923077 0.10828025477707007 0.5096153846153846 0.10828025477707007 0.5096153846153846 0.15605095541401273 0.4639423076923077 0.15605095541401273
5 0.47836538461538464 0.17834394904458598 0.5216346153846154 0.17834394904458598 0.5216346153846154 0.2356687898089172 0.47836538461538464 0.2356687898089172
5 0.1971153846153846 0.18789808917197454 0.25721153846153844 0.18789808917197454 0.25721153846153844 0.22611464968152867 0.1971153846153846 0.22611464968152867
5 0.10817307692307693 0.22611464968152867 0.17067307692307693 0.22611464968152867 0.17067307692307693 0.3057324840764331 0.10817307692307693 0.3057324840764331
5 0.6274038461538461 0.28662420382165604 0.6730769230769231 0.28662420382165604 0.6730769230769231 0.37579617834394907 0.6274038461538461 0.37579617834394907
5 0.5769230769230769 0.39171974522292996 0.6442307692307693 0.39171974522292996 0.6442307692307693 0.4713375796178344 0.5769230769230769 0.4713375796178344