2 0.39663461538461536 0.5509554140127388 0.43028846153846156 0.5509554140127388 0.43028846153846156 0.5987261146496815 0.39663461538461536 0.5987261146496815
2 0.27884615384615385 0.5573248407643312 0.32211538461538464 0.5573248407643312 0.32211538461538464 0.6146496815286624 0.27884615384615385 0.6146496815286624
2 0.15625 0.5955414012738853 0.21634615384615385 0.5955414012738853 0.21634615384615385 0.6656050955414012 0.15625 0.6656050955414012
2 0.34375 0.6050955414012739 0.40384615384615385 0.6050955414012739 0.40384615384615385 0.697452229299363 0.34375 0.697452229299363
2 0.7836538461538461 0.6592356687898089 0.8581730769230769 0.6592356687898089 0.8581730769230769 0.7388535031847133 0.7836538461538461 0.7388535031847133
2 0.8629807692307693 0.7484076433121019 0.9014423076923077 0.7484076433121019 0.9014423076923077 0.8057324840764332 0.8629807692307693 0.8057324840764332
2 0.84375 0.7802547770700637 0.8701923076923077 0.7802547770700637 0.8701923076923077 0.8057324840764332 0.84375 0.8057324840764332
5 0.38221153846153844 0.10191082802547771 0.4182692307692308 0.10191082802547771 0.4182692307692308 0.1464968152866242 0.38221153846153844 0.1464968152866242
5 0.5096153846153846 0.1178343949044586 0.5360576923076923 0.1178343949044586 0.5360576923076923 0.15605095541401273 0.5096153846153846 0.15605095541401273
5 0.35096153846153844 0.12101910828025478 0.3894230769230769 0.12101910828025478 0.3894230769230769 0.1592356687898089 0.35096153846153844 0.1592356687898089
5 0.6081730769230769 0.1305732484076433 0.6346153846153846 0.1305732484076433 0.6346153846153846 0.16878980891719744 0.6081730769230769 0.16878980891719744
0 0.43990384615384615 0.15605095541401273 0.47596153846153844 0.15605095541401273 0.47596153846153844 0.20063694267515925 0.43990384615384615 0.20063694267515925
5 0.2860576923076923 0.1624203821656051 0.3245192307692308 0.1624203821656051 0.3245192307692308 0.21019108280254778 0.2860576923076923 0.21019108280254778
5 0.3293269230769231 0.1751592356687898 0.3557692307692308 0.1751592356687898 0.3557692307692308 0.21019108280254778 0.3293269230769231 0.21019108280254778
5 0.3581730769230769 0.20382165605095542 0.38461538461538464 0.20382165605095542 0.38461538461538464 0.23885350318471338 0.3581730769230769 0.23885350318471338
5 0.3269230769230769 0.20382165605095542 0.3557692307692308 0.20382165605095542 0.3557692307692308 0.24203821656050956 0.3269230769230769 0.24203821656050956
5 0.3581730769230769 0.2356687898089172 0.40865384615384615 0.2356687898089172 0.40865384615384615 0.28343949044585987 0.3581730769230769 0.28343949044585987
5 0.8245192307692307 0.27070063694267515 0.8581730769230769 0.27070063694267515 0.8581730769230769 0.3089171974522293 0.8245192307692307 0.3089171974522293
2 0.28846153846153844 0.4012738853503185 0.3317307692307692 0.4012738853503185 0.3317307692307692 0.43630573248407645 0.28846153846153844 0.43630573248407645
5 0.5072115384615384 0.410828025477707 0.5336538461538461 0.410828025477707 0.5336538461538461 0.4394904458598726 0.5072115384615384 0.4394904458598726
2 0.8942307692307693 0.42038216560509556 0.9471153846153846 0.42038216560509556 0.9471153846153846 0.4713375796178344 0.8942307692307693 0.4713375796178344