5 0.3942307692307692 0.42038216560509556 0.4543269230769231 0.42038216560509556 0.4543269230769231 0.48089171974522293 0.3942307692307692 0.48089171974522293
0 0.9254807692307693 0.4394904458598726 0.9615384615384616 0.4394904458598726 0.9615384615384616 0.4872611464968153 0.9254807692307693 0.4872611464968153
5 0.4879807692307692 0.445859872611465 0.5336538461538461 0.445859872611465 0.5336538461538461 0.4968152866242038 0.4879807692307692 0.4968152866242038
5 0.5456730769230769 0.44904458598726116 0.5913461538461539 0.44904458598726116 0.5913461538461539 0.5095541401273885 0.5456730769230769 0.5095541401273885
0 0.8701923076923077 0.4554140127388535 0.8990384615384616 0.4554140127388535 0.8990384615384616 0.5031847133757962 0.8701923076923077 0.5031847133757962
5 0.6274038461538461 0.46496815286624205 0.6634615384615384 0.46496815286624205 0.6634615384615384 0.5254777070063694 0.6274038461538461 0.5254777070063694
0 0.8245192307692307 0.4840764331210191 0.8605769230769231 0.4840764331210191 0.8605769230769231 0.5286624203821656 0.8245192307692307 0.5286624203821656
5 0.7548076923076923 0.4840764331210191 0.8076923076923077 0.4840764331210191 0.8076923076923077 0.5445859872611465 0.7548076923076923 0.5445859872611465
5 0.31490384615384615 0.4968152866242038 0.3605769230769231 0.4968152866242038 0.3605769230769231 0.5573248407643312 0.31490384615384615 0.5573248407643312
0 0.14903846153846154 0.5095541401273885 0.1778846153846154 0.5095541401273885 0.1778846153846154 0.5477707006369427 0.14903846153846154 0.5477707006369427
5 0.8149038461538461 0.5509554140127388 0.8581730769230769 0.5509554140127388 0.8581730769230769 0.5987261146496815 0.8149038461538461 0.5987261146496815
5 0.4326923076923077 0.03503184713375796 0.47836538461538464 0.03503184713375796 0.47836538461538464 0.07961783439490445 0.4326923076923077 0.07961783439490445
5 0.5625 0.60828025477707 0.5961538461538461 0.60828025477707 0.5961538461538461 0.6528662420382165 0.5625 0.6528662420382165
5 0.6826923076923077 0.6019108280254777 0.7403846153846154 0.6019108280254777 0.7403846153846154 0.6592356687898089 0.6826923076923077 0.6592356687898089
5 0.6177884615384616 0.6210191082802548 0.6610576923076923 0.6210191082802548 0.6610576923076923 0.678343949044586 0.6177884615384616 0.678343949044586
5 0.4831730769230769 0.6305732484076433 0.5168269230769231 0.6305732484076433 0.5168269230769231 0.6878980891719745 0.4831730769230769 0.6878980891719745
0 0.9278846153846154 0.041401273885350316 0.9639423076923077 0.041401273885350316 0.9639423076923077 0.09235668789808917 0.9278846153846154 0.09235668789808917
5 0.7355769230769231 0.6496815286624203 0.78125 0.6496815286624203 0.78125 0.7101910828025477 0.7355769230769231 0.7101910828025477
5 0.5480769230769231 0.6719745222929936 0.6009615384615384 0.6719745222929936 0.6009615384615384 0.7388535031847133 0.5480769230769231 0.7388535031847133
0 0.1971153846153846 0.6847133757961783 0.2403846153846154 0.6847133757961783 0.2403846153846154 0.7229299363057324 0.1971153846153846 0.7229299363057324
0 0.13221153846153846 0.6878980891719745 0.17067307692307693 0.6878980891719745 0.17067307692307693 0.7261146496815286 0.13221153846153846 0.7261146496815286
0 0.2980769230769231 0.054140127388535034 0.3317307692307692 0.054140127388535034 0.3317307692307692 0.09235668789808917 0.2980769230769231 0.09235668789808917
0 0.5793269230769231 0.7388535031847133 0.625 0.7388535031847133 0.625 0.7898089171974523 0.5793269230769231 0.7898089171974523
0 0.375 0.7452229299363057 0.41346153846153844 0.7452229299363057 0.41346153846153844 0.7898089171974523 0.375 0.7898089171974523
0 0.4495192307692308 0.7707006369426752 0.47836538461538464 0.7707006369426752 0.47836538461538464 0.8280254777070064 0.4495192307692308 0.8280254777070064
5 0.30528846153846156 0.7707006369426752 0.3557692307692308 0.7707006369426752 0.3557692307692308 0.8280254777070064 0.30528846153846156 0.8280254777070064
5 0.6634615384615384 0.054140127388535034 0.7019230769230769 0.054140127388535034 0.7019230769230769 0.11146496815286625 0.6634615384615384 0.11146496815286625
0 0.3918269230769231 0.8184713375796179 0.42788461538461536 0.8184713375796179 0.42788461538461536 0.8630573248407644 0.3918269230769231 0.8630573248407644
0 0.8028846153846154 0.07006369426751592 0.8365384615384616 0.07006369426751592 0.8365384615384616 0.10828025477707007 0.8028846153846154 0.10828025477707007
5 0.33413461538461536 0.07006369426751592 0.37259615384615385 0.07006369426751592 0.37259615384615385 0.11464968152866242 0.33413461538461536 0.11464968152866242
0 0.4831730769230769 0.09872611464968153 0.5192307692307693 0.09872611464968153 0.5192307692307693 0.14331210191082802 0.4831730769230769 0.14331210191082802
5 0.5673076923076923 0.09872611464968153 0.6009615384615384 0.09872611464968153 0.6009615384615384 0.1464968152866242 0.5673076923076923 0.1464968152866242
0 0.9254807692307693 0.10828025477707007 0.9543269230769231 0.10828025477707007 0.9543269230769231 0.1464968152866242 0.9254807692307693 0.1464968152866242
0 0.8942307692307693 0.12738853503184713 0.9375 0.12738853503184713 0.9375 0.1751592356687898 0.8942307692307693 0.1751592356687898
5 0.7331730769230769 0.12738853503184713 0.7836538461538461 0.12738853503184713 0.7836538461538461 0.18471337579617833 0.7331730769230769 0.18471337579617833
0 0.9615384615384616 0.1592356687898089 0.9951923076923077 0.1592356687898089 0.9951923076923077 0.2070063694267516 0.9615384615384616 0.2070063694267516
5 0.6730769230769231 0.16878980891719744 0.7235576923076923 0.16878980891719744 0.7235576923076923 0.21337579617834396 0.6730769230769231 0.21337579617834396
5 0.6850961538461539 0.21656050955414013 0.7283653846153846 0.21656050955414013 0.7283653846153846 0.25477707006369427 0.6850961538461539 0.25477707006369427
5 0.18028846153846154 0.2070063694267516 0.23798076923076922 0.2070063694267516 0.23798076923076922 0.28343949044585987 0.18028846153846154 0.28343949044585987
5 0.7307692307692307 0.2770700636942675 0.7740384615384616 0.2770700636942675 0.7740384615384616 0.3248407643312102 0.7307692307692307 0.3248407643312102
5 0.07932692307692307 0.2643312101910828 0.125 0.2643312101910828 0.125 0.3343949044585987 0.07932692307692307 0.3343949044585987
5 0.6394230769230769 0.29936305732484075 0.6850961538461539 0.29936305732484075 0.6850961538461539 0.36942675159235666 0.6394230769230769 0.36942675159235666
0 0.9278846153846154 0.3248407643312102 0.9615384615384616 0.3248407643312102 0.9615384615384616 0.37261146496815284 0.9278846153846154 0.37261146496815284
5 0.7860576923076923 0.3248407643312102 0.8245192307692307 0.3248407643312102 0.8245192307692307 0.37579617834394907 0.7860576923076923 0.37579617834394907
5 0.5336538461538461 0.34076433121019106 0.5769230769230769 0.34076433121019106 0.5769230769230769 0.3885350318471338 0.5336538461538461 0.3885350318471338
0 0.8365384615384616 0.3375796178343949 0.8798076923076923 0.3375796178343949 0.8798076923076923 0.3885350318471338 0.8365384615384616 0.3885350318471338
5 0.7115384615384616 0.01910828025477707 0.7644230769230769 0.01910828025477707 0.7644230769230769 0.06687898089171974 0.7115384615384616 0.06687898089171974
0 0.026442307692307692 0.39490445859872614 0.055288461538461536 0.39490445859872614 0.055288461538461536 0.4394904458598726 0.026442307692307692 0.4394904458598726
5 0.6658653846153846 0.4171974522292994 0.7043269230769231 0.4171974522292994 0.7043269230769231 0.46178343949044587 0.6658653846153846 0.46178343949044587
0 0.27884615384615385 0.42356687898089174 0.32211538461538464 0.42356687898089174 0.32211538461538464 0.4681528662420382 0.27884615384615385 0.4681528662420382