5 0.15144230769230768 0.025477707006369428 0.18509615384615385 0.025477707006369428 0.18509615384615385 0.06369426751592357 0.15144230769230768 0.06369426751592357
5 0.4543269230769231 0.42356687898089174 0.4831730769230769 0.42356687898089174 0.4831730769230769 0.4745222929936306 0.4543269230769231 0.4745222929936306
5 0.27884615384615385 0.028662420382165606 0.3245192307692308 0.028662420382165606 0.3245192307692308 0.07643312101910828 0.27884615384615385 0.07643312101910828
0 0.28846153846153844 0.89171974522293 0.3485576923076923 0.89171974522293 0.3485576923076923 0.9522292993630573 0.28846153846153844 0.9522292993630573
0 0.40625 0.9235668789808917 0.46875 0.9235668789808917 0.46875 0.9936305732484076 0.40625 0.9936305732484076
5 0.5865384615384616 0.0732484076433121 0.6490384615384616 0.0732484076433121 0.6490384615384616 0.1337579617834395 0.5865384615384616 0.1337579617834395
5 0.3317307692307692 0.17197452229299362 0.3894230769230769 0.17197452229299362 0.3894230769230769 0.2070063694267516 0.3317307692307692 0.2070063694267516
5 0.6514423076923077 0.2611464968152866 0.7043269230769231 0.2611464968152866 0.7043269230769231 0.3184713375796178 0.6514423076923077 0.3184713375796178
5 0.40384615384615385 0.31210191082802546 0.4423076923076923 0.31210191082802546 0.4423076923076923 0.35987261146496813 0.40384615384615385 0.35987261146496813
5 0.4831730769230769 0.35987261146496813 0.5192307692307693 0.35987261146496813 0.5192307692307693 0.3980891719745223 0.4831730769230769 0.3980891719745223
0 0.7788461538461539 0.5859872611464968 0.8100961538461539 0.5859872611464968 0.8100961538461539 0.6305732484076433 0.7788461538461539 0.6305732484076433
0 0.8533653846153846 0.5636942675159236 0.8774038461538461 0.5636942675159236 0.8774038461538461 0.6273885350318471 0.8533653846153846 0.6273885350318471
3 0.04326923076923077 0.07643312101910828 0.7884615384615384 0.07643312101910828 0.7884615384615384 0.6751592356687898 0.04326923076923077 0.6751592356687898
5 0.3076923076923077 0.732484076433121 0.375 0.732484076433121 0.375 0.7929936305732485 0.3076923076923077 0.7929936305732485
5 0.5504807692307693 0.8439490445859873 0.5817307692307693 0.8439490445859873 0.5817307692307693 0.8949044585987261 0.5504807692307693 0.8949044585987261