5 0.40625 0.46496815286624205 0.47596153846153844 0.46496815286624205 0.47596153846153844 0.49363057324840764 0.40625 0.49363057324840764
5 0.09134615384615384 0.4681528662420382 0.14903846153846154 0.4681528662420382 0.14903846153846154 0.5159235668789809 0.09134615384615384 0.5159235668789809
5 0.27884615384615385 0.48089171974522293 0.3317307692307692 0.48089171974522293 0.3317307692307692 0.5191082802547771 0.27884615384615385 0.5191082802547771
5 0.40625 0.49044585987261147 0.4519230769230769 0.49044585987261147 0.4519230769230769 0.5286624203821656 0.40625 0.5286624203821656
5 0.4519230769230769 0.5159235668789809 0.49038461538461536 0.5159235668789809 0.49038461538461536 0.5636942675159236 0.4519230769230769 0.5636942675159236
5 0.43509615384615385 0.5382165605095541 0.49278846153846156 0.5382165605095541 0.49278846153846156 0.5955414012738853 0.43509615384615385 0.5955414012738853
5 0.3918269230769231 0.554140127388535 0.4543269230769231 0.554140127388535 0.4543269230769231 0.643312101910828 0.3918269230769231 0.643312101910828
5 0.7548076923076923 0.5700636942675159 0.7980769230769231 0.5700636942675159 0.7980769230769231 0.6273885350318471 0.7548076923076923 0.6273885350318471
5 0.7163461538461539 0.6050955414012739 0.75 0.6050955414012739 0.75 0.6656050955414012 0.7163461538461539 0.6656050955414012
5 0.22355769230769232 0.6273885350318471 0.29086538461538464 0.6273885350318471 0.29086538461538464 0.6878980891719745 0.22355769230769232 0.6878980891719745
5 0.5096153846153846 0.7038216560509554 0.5528846153846154 0.7038216560509554 0.5528846153846154 0.7515923566878981 0.5096153846153846 0.7515923566878981
5 0.46634615384615385 0.8057324840764332 0.5048076923076923 0.8057324840764332 0.5048076923076923 0.8439490445859873 0.46634615384615385 0.8439490445859873
5 0.45913461538461536 0.9171974522292994 0.5192307692307693 0.9171974522292994 0.5192307692307693 0.945859872611465 0.45913461538461536 0.945859872611465
5 0.44711538461538464 0.4171974522292994 0.5072115384615384 0.4171974522292994 0.5072115384615384 0.445859872611465 0.44711538461538464 0.445859872611465