5 0.3942307692307692 0.42356687898089174 0.4375 0.42356687898089174 0.4375 0.49044585987261147 0.3942307692307692 0.49044585987261147
5 0.34134615384615385 0.47770700636942676 0.375 0.47770700636942676 0.375 0.5254777070063694 0.34134615384615385 0.5254777070063694
2 0.6923076923076923 0.4872611464968153 0.7548076923076923 0.4872611464968153 0.7548076923076923 0.554140127388535 0.6923076923076923 0.554140127388535
2 0.5793269230769231 0.4872611464968153 0.6490384615384616 0.4872611464968153 0.6490384615384616 0.5573248407643312 0.5793269230769231 0.5573248407643312
2 0.22596153846153846 0.535031847133758 0.27884615384615385 0.535031847133758 0.27884615384615385 0.5955414012738853 0.22596153846153846 0.5955414012738853
5 0.4375 0.5700636942675159 0.4831730769230769 0.5700636942675159 0.4831730769230769 0.6464968152866242 0.4375 0.6464968152866242
5 0.37740384615384615 0.5859872611464968 0.41586538461538464 0.5859872611464968 0.41586538461538464 0.6464968152866242 0.37740384615384615 0.6464968152866242
2 0.0985576923076923 0.5955414012738853 0.13701923076923078 0.5955414012738853 0.13701923076923078 0.6560509554140127 0.0985576923076923 0.6560509554140127
5 0.3125 0.6369426751592356 0.3557692307692308 0.6369426751592356 0.3557692307692308 0.6847133757961783 0.3125 0.6847133757961783
2 0.18028846153846154 0.6496815286624203 0.2403846153846154 0.6496815286624203 0.2403846153846154 0.7197452229299363 0.18028846153846154 0.7197452229299363
2 0.6394230769230769 0.7579617834394905 0.7067307692307693 0.7579617834394905 0.7067307692307693 0.8694267515923567 0.6394230769230769 0.8694267515923567
2 0.7283653846153846 0.7866242038216561 0.7716346153846154 0.7866242038216561 0.7716346153846154 0.8439490445859873 0.7283653846153846 0.8439490445859873
2 0.23317307692307693 0.8471337579617835 0.2692307692307692 0.8471337579617835 0.2692307692307692 0.9140127388535032 0.23317307692307693 0.9140127388535032
2 0.28365384615384615 0.8885350318471338 0.3293269230769231 0.8885350318471338 0.3293269230769231 0.9394904458598726 0.28365384615384615 0.9394904458598726
2 0.18990384615384615 0.37579617834394907 0.2283653846153846 0.37579617834394907 0.2283653846153846 0.43630573248407645 0.18990384615384615 0.43630573248407645
2 0.24519230769230768 0.40445859872611467 0.27403846153846156 0.40445859872611467 0.27403846153846156 0.4554140127388535 0.24519230769230768 0.4554140127388535
2 0.2764423076923077 0.410828025477707 0.3389423076923077 0.410828025477707 0.3389423076923077 0.46178343949044587 0.2764423076923077 0.46178343949044587