5 0.37740384615384615 0.4171974522292994 0.43509615384615385 0.4171974522292994 0.43509615384615385 0.49363057324840764 0.37740384615384615 0.49363057324840764
5 0.3125 0.46496815286624205 0.375 0.46496815286624205 0.375 0.5318471337579618 0.3125 0.5318471337579618
2 0.5504807692307693 0.48089171974522293 0.6177884615384616 0.48089171974522293 0.6177884615384616 0.5573248407643312 0.5504807692307693 0.5573248407643312
2 0.5120192307692307 0.5477707006369427 0.6129807692307693 0.5477707006369427 0.6129807692307693 0.6528662420382165 0.5120192307692307 0.6528662420382165
2 0.9014423076923077 0.5796178343949044 0.9543269230769231 0.5796178343949044 0.9543269230769231 0.6369426751592356 0.9014423076923077 0.6369426751592356
2 0.6466346153846154 0.5828025477707006 0.8317307692307693 0.5828025477707006 0.8317307692307693 0.7070063694267515 0.6466346153846154 0.7070063694267515
2 0.40865384615384615 0.5987261146496815 0.4951923076923077 0.5987261146496815 0.4951923076923077 0.7292993630573248 0.40865384615384615 0.7292993630573248
2 0.4519230769230769 0.7388535031847133 0.5144230769230769 0.7388535031847133 0.5144230769230769 0.8184713375796179 0.4519230769230769 0.8184713375796179
2 0.5961538461538461 0.7611464968152867 0.7740384615384616 0.7611464968152867 0.7740384615384616 0.9076433121019108 0.5961538461538461 0.9076433121019108
2 0.34615384615384615 0.8121019108280255 0.41346153846153844 0.8121019108280255 0.41346153846153844 0.8821656050955414 0.34615384615384615 0.8821656050955414
2 0.3389423076923077 0.8598726114649682 0.4254807692307692 0.8598726114649682 0.4254807692307692 0.9745222929936306 0.3389423076923077 0.9745222929936306
5 0.6778846153846154 0.3821656050955414 0.7235576923076923 0.3821656050955414 0.7235576923076923 0.45222929936305734 0.6778846153846154 0.45222929936305734
5 0.6057692307692307 0.3885350318471338 0.6586538461538461 0.3885350318471338 0.6586538461538461 0.4554140127388535 0.6057692307692307 0.4554140127388535