5 0.5528846153846154 0.30254777070063693 0.6057692307692307 0.30254777070063693 0.6057692307692307 0.3821656050955414 0.5528846153846154 0.3821656050955414
5 0.23798076923076922 0.34076433121019106 0.32211538461538464 0.34076433121019106 0.32211538461538464 0.40764331210191085 0.23798076923076922 0.40764331210191085
5 0.3894230769230769 0.4171974522292994 0.43509615384615385 0.4171974522292994 0.43509615384615385 0.4681528662420382 0.3894230769230769 0.4681528662420382
5 0.40865384615384615 0.5127388535031847 0.46875 0.5127388535031847 0.46875 0.5923566878980892 0.40865384615384615 0.5923566878980892
5 0.04326923076923077 0.7484076433121019 0.10096153846153846 0.7484076433121019 0.10096153846153846 0.7929936305732485 0.04326923076923077 0.7929936305732485
5 0.125 0.7388535031847133 0.16826923076923078 0.7388535031847133 0.16826923076923078 0.8152866242038217 0.125 0.8152866242038217
5 0.20432692307692307 0.7579617834394905 0.28125 0.7579617834394905 0.28125 0.8280254777070064 0.20432692307692307 0.8280254777070064
5 0.7716346153846154 0.7738853503184714 0.8485576923076923 0.7738853503184714 0.8485576923076923 0.856687898089172 0.7716346153846154 0.856687898089172
5 0.052884615384615384 0.7993630573248408 0.09615384615384616 0.7993630573248408 0.09615384615384616 0.8439490445859873 0.052884615384615384 0.8439490445859873
3 0.59375 0.37898089171974525 0.8028846153846154 0.37898089171974525 0.8028846153846154 0.6878980891719745 0.59375 0.6878980891719745
3 0.3293269230769231 0.7261146496815286 0.7620192307692307 0.7261146496815286 0.7620192307692307 1 0.3293269230769231 1