3 0.6913333333333334 0.1722689075630252 0.7546666666666667 0.1722689075630252 0.7546666666666667 0.29747899159663865 0.6913333333333334 0.29747899159663865
3 0.5293333333333333 0.2008403361344538 0.634 0.2008403361344538 0.634 0.3025210084033613 0.5293333333333333 0.3025210084033613
3 0.5 0.3126050420168067 0.6033333333333334 0.3126050420168067 0.6033333333333334 0.41596638655462187 0.5 0.41596638655462187
3 0.6233333333333333 0.37058823529411766 0.67 0.37058823529411766 0.67 0.44873949579831934 0.6233333333333333 0.44873949579831934
3 0.5453333333333333 0.634453781512605 0.6326666666666667 0.634453781512605 0.6326666666666667 0.7126050420168067 0.5453333333333333 0.7126050420168067
3 0.874 0.8865546218487395 0.9466666666666667 0.8865546218487395 0.9466666666666667 0.9764705882352941 0.874 0.9764705882352941
3 0.6566666666666666 0.8747899159663866 0.7333333333333333 0.8747899159663866 0.7333333333333333 0.9529411764705882 0.6566666666666666 0.9529411764705882
3 0.414 0.646218487394958 0.48533333333333334 0.646218487394958 0.48533333333333334 0.7394957983193278 0.414 0.7394957983193278
3 0.456 0.5243697478991597 0.49866666666666665 0.5243697478991597 0.49866666666666665 0.6176470588235294 0.456 0.6176470588235294
3 0.504 0.473109243697479 0.5686666666666667 0.473109243697479 0.5686666666666667 0.5546218487394958 0.504 0.5546218487394958
3 0.3953333333333333 0.31932773109243695 0.5106666666666667 0.31932773109243695 0.5106666666666667 0.4680672268907563 0.3953333333333333 0.4680672268907563
3 0.3333333333333333 0.37899159663865545 0.3993333333333333 0.37899159663865545 0.3993333333333333 0.48403361344537815 0.3333333333333333 0.48403361344537815
3 0.38666666666666666 0.5058823529411764 0.45666666666666667 0.5058823529411764 0.45666666666666667 0.592436974789916 0.38666666666666666 0.592436974789916
3 0.14933333333333335 0.7546218487394958 0.214 0.7546218487394958 0.214 0.8596638655462185 0.14933333333333335 0.8596638655462185
3 0.7913333333333333 0.043697478991596636 0.966 0.043697478991596636 0.966 0.5798319327731093 0.7913333333333333 0.5798319327731093
3 0.6786666666666666 0.3319327731092437 0.782 0.3319327731092437 0.782 0.6327731092436975 0.6786666666666666 0.6327731092436975