1 0.2523148148148148 0.501953125 0.4105902777777778 0.501953125 0.4105902777777778 0.5555555555555556 0.2523148148148148 0.5555555555555556
1 0.5326967592592593 0.5028211805555556 0.6982060185185185 0.5028211805555556 0.6982060185185185 0.5674913194444444 0.5326967592592593 0.5674913194444444
3 0.7126736111111112 0.5985243055555556 0.7311921296296297 0.5985243055555556 0.7311921296296297 0.6117621527777778 0.7126736111111112 0.6117621527777778
3 0.6238425925925926 0.6165364583333334 0.6493055555555556 0.6165364583333334 0.6493055555555556 0.6321614583333334 0.6238425925925926 0.6321614583333334
3 0.6365740740740741 0.7118055555555556 0.6556712962962963 0.7118055555555556 0.6556712962962963 0.7256944444444444 0.6365740740740741 0.7256944444444444
3 0.31452546296296297 0.6165364583333334 0.33304398148148145 0.6165364583333334 0.33304398148148145 0.6317274305555556 0.31452546296296297 0.6317274305555556
3 0.1880787037037037 0.5796440972222222 0.20572916666666666 0.5796440972222222 0.20572916666666666 0.5939670138888888 0.1880787037037037 0.5939670138888888
3 0.22743055555555555 0.6820746527777778 0.2534722222222222 0.6820746527777778 0.2534722222222222 0.7096354166666666 0.22743055555555555 0.7096354166666666
3 0.49363425925925924 0.8350694444444444 0.5159143518518519 0.8350694444444444 0.5159143518518519 0.8478732638888888 0.49363425925925924 0.8478732638888888
3 0.37818287037037035 0.8268229166666666 0.3958333333333333 0.8268229166666666 0.3958333333333333 0.8391927083333334 0.37818287037037035 0.8391927083333334
3 0.2986111111111111 0.7749565972222222 0.3113425925925926 0.7749565972222222 0.3113425925925926 0.7805989583333334 0.2986111111111111 0.7805989583333334
3 0.27314814814814814 0.736328125 0.2884837962962963 0.736328125 0.2884837962962963 0.7471788194444444 0.27314814814814814 0.7471788194444444
4 0.19386574074074073 0.2608506944444444 0.7853009259259259 0.2608506944444444 0.7853009259259259 0.8585069444444444 0.19386574074074073 0.8585069444444444