5 0.30120481927710846 0.36742424242424243 0.327710843373494 0.36742424242424243 0.327710843373494 0.3939393939393939 0.30120481927710846 0.3939393939393939
5 0.5204819277108433 0.3712121212121212 0.5518072289156627 0.3712121212121212 0.5518072289156627 0.42045454545454547 0.5204819277108433 0.42045454545454547
5 0.3036144578313253 0.38636363636363635 0.3301204819277108 0.38636363636363635 0.3301204819277108 0.42045454545454547 0.3036144578313253 0.42045454545454547
5 0.38795180722891565 0.38636363636363635 0.42168674698795183 0.38636363636363635 0.42168674698795183 0.42803030303030304 0.38795180722891565 0.42803030303030304
5 0.3397590361445783 0.39015151515151514 0.37349397590361444 0.39015151515151514 0.37349397590361444 0.4356060606060606 0.3397590361445783 0.4356060606060606
5 0.672289156626506 0.4128787878787879 0.7036144578313253 0.4128787878787879 0.7036144578313253 0.45075757575757575 0.672289156626506 0.45075757575757575
5 0.3397590361445783 0.42424242424242425 0.3710843373493976 0.42424242424242425 0.3710843373493976 0.4696969696969697 0.3397590361445783 0.4696969696969697
5 0.40481927710843374 0.4318181818181818 0.43132530120481927 0.4318181818181818 0.43132530120481927 0.4696969696969697 0.40481927710843374 0.4696969696969697
5 0.5759036144578313 0.45075757575757575 0.6096385542168675 0.45075757575757575 0.6096385542168675 0.48484848484848486 0.5759036144578313 0.48484848484848486
5 0.20963855421686747 0.45075757575757575 0.236144578313253 0.45075757575757575 0.236144578313253 0.4962121212121212 0.20963855421686747 0.4962121212121212
5 0.3710843373493976 0.4583333333333333 0.4 0.4583333333333333 0.4 0.5 0.3710843373493976 0.5
5 0.5036144578313253 0.5075757575757576 0.5421686746987951 0.5075757575757576 0.5421686746987951 0.5492424242424242 0.5036144578313253 0.5492424242424242
5 0.5783132530120482 0.5492424242424242 0.6096385542168675 0.5492424242424242 0.6096385542168675 0.6060606060606061 0.5783132530120482 0.6060606060606061
5 0.655421686746988 0.553030303030303 0.6939759036144578 0.553030303030303 0.6939759036144578 0.6060606060606061 0.655421686746988 0.6060606060606061
5 0.3710843373493976 0.5871212121212122 0.39759036144578314 0.5871212121212122 0.39759036144578314 0.625 0.3710843373493976 0.625
5 0.3493975903614458 0.6666666666666666 0.38072289156626504 0.6666666666666666 0.38072289156626504 0.7121212121212122 0.3493975903614458 0.7121212121212122
5 0.30843373493975906 0.696969696969697 0.3421686746987952 0.696969696969697 0.3421686746987952 0.7462121212121212 0.30843373493975906 0.7462121212121212
5 0.7301204819277108 0.7045454545454546 0.7759036144578313 0.7045454545454546 0.7759036144578313 0.7575757575757576 0.7301204819277108 0.7575757575757576
5 0.21686746987951808 0.7196969696969697 0.2433734939759036 0.7196969696969697 0.2433734939759036 0.7537878787878788 0.21686746987951808 0.7537878787878788
5 0.27710843373493976 0.7310606060606061 0.2987951807228916 0.7310606060606061 0.2987951807228916 0.7651515151515151 0.27710843373493976 0.7651515151515151
5 0.2216867469879518 0.8674242424242424 0.25301204819277107 0.8674242424242424 0.25301204819277107 0.9242424242424242 0.2216867469879518 0.9242424242424242
5 0.38072289156626504 0.13257575757575757 0.3927710843373494 0.13257575757575757 0.3927710843373494 0.16666666666666666 0.38072289156626504 0.16666666666666666
5 0.38795180722891565 0.14772727272727273 0.41445783132530123 0.14772727272727273 0.41445783132530123 0.19318181818181818 0.38795180722891565 0.19318181818181818
5 0.3156626506024096 0.16287878787878787 0.35180722891566263 0.16287878787878787 0.35180722891566263 0.20454545454545456 0.3156626506024096 0.20454545454545456
5 0.3469879518072289 0.1893939393939394 0.3686746987951807 0.1893939393939394 0.3686746987951807 0.22727272727272727 0.3469879518072289 0.22727272727272727
5 0.4 0.22727272727272727 0.42891566265060244 0.22727272727272727 0.42891566265060244 0.2689393939393939 0.4 0.2689393939393939
5 0.5084337349397591 0.23863636363636365 0.5397590361445783 0.23863636363636365 0.5397590361445783 0.2727272727272727 0.5084337349397591 0.2727272727272727
5 0.344578313253012 0.24242424242424243 0.36626506024096384 0.24242424242424243 0.36626506024096384 0.2840909090909091 0.344578313253012 0.2840909090909091
5 0.42891566265060244 0.2765151515151515 0.4530120481927711 0.2765151515151515 0.4530120481927711 0.30303030303030304 0.42891566265060244 0.30303030303030304
5 0.3566265060240964 0.2878787878787879 0.39036144578313253 0.2878787878787879 0.39036144578313253 0.32196969696969696 0.3566265060240964 0.32196969696969696
5 0.38795180722891565 0.3143939393939394 0.40240963855421685 0.3143939393939394 0.40240963855421685 0.3522727272727273 0.38795180722891565 0.3522727272727273
5 0.5301204819277109 0.3106060606060606 0.5662650602409639 0.3106060606060606 0.5662650602409639 0.3560606060606061 0.5301204819277109 0.3560606060606061
5 0.5855421686746988 0.3106060606060606 0.6120481927710844 0.3106060606060606 0.6120481927710844 0.35984848484848486 0.5855421686746988 0.35984848484848486
5 0.43373493975903615 0.32196969696969696 0.45542168674698796 0.32196969696969696 0.45542168674698796 0.3560606060606061 0.43373493975903615 0.3560606060606061
5 0.3373493975903614 0.3371212121212121 0.3542168674698795 0.3371212121212121 0.3542168674698795 0.3712121212121212 0.3373493975903614 0.3712121212121212
5 0.26506024096385544 0.3446969696969697 0.2963855421686747 0.3446969696969697 0.2963855421686747 0.38257575757575757 0.26506024096385544 0.38257575757575757
5 0.6072289156626506 0.3484848484848485 0.6385542168674698 0.3484848484848485 0.6385542168674698 0.3977272727272727 0.6072289156626506 0.3977272727272727
5 0.5590361445783133 0.35984848484848486 0.5903614457831325 0.35984848484848486 0.5903614457831325 0.3939393939393939 0.5590361445783133 0.3939393939393939
5 0.2674698795180723 0.3446969696969697 0.2987951807228916 0.3446969696969697 0.2987951807228916 0.38636363636363635 0.2674698795180723 0.38636363636363635
5 0.3542168674698795 0.07196969696969698 0.3686746987951807 0.07196969696969698 0.3686746987951807 0.11363636363636363 0.3542168674698795 0.11363636363636363
0 0.30843373493975906 0.6098484848484849 0.3301204819277108 0.6098484848484849 0.3301204819277108 0.6553030303030303 0.30843373493975906 0.6553030303030303
5 0.7493975903614458 0.8977272727272727 0.7710843373493976 0.8977272727272727 0.7710843373493976 0.9393939393939394 0.7493975903614458 0.9393939393939394