0 0.43028846153846156 0.5095541401273885 0.47836538461538464 0.5095541401273885 0.47836538461538464 0.5796178343949044 0.43028846153846156 0.5796178343949044
0 0.20192307692307693 0.5254777070063694 0.2548076923076923 0.5254777070063694 0.2548076923076923 0.5796178343949044 0.20192307692307693 0.5796178343949044
0 0.7451923076923077 0.5254777070063694 0.7908653846153846 0.5254777070063694 0.7908653846153846 0.5859872611464968 0.7451923076923077 0.5859872611464968
0 0.8221153846153846 0.5191082802547771 0.875 0.5191082802547771 0.875 0.5955414012738853 0.8221153846153846 0.5955414012738853
0 0.5432692307692307 0.5573248407643312 0.5841346153846154 0.5573248407643312 0.5841346153846154 0.6178343949044586 0.5432692307692307 0.6178343949044586
0 0.1466346153846154 0.5509554140127388 0.19951923076923078 0.5509554140127388 0.19951923076923078 0.6273885350318471 0.1466346153846154 0.6273885350318471
0 0.5 0.5796178343949044 0.5336538461538461 0.5796178343949044 0.5336538461538461 0.6337579617834395 0.5 0.6337579617834395
0 0.2644230769230769 0.643312101910828 0.3245192307692308 0.643312101910828 0.3245192307692308 0.7133757961783439 0.2644230769230769 0.7133757961783439
0 0.3269230769230769 0.7038216560509554 0.3918269230769231 0.7038216560509554 0.3918269230769231 0.7770700636942676 0.3269230769230769 0.7770700636942676
0 0.6586538461538461 0.7197452229299363 0.7067307692307693 0.7197452229299363 0.7067307692307693 0.7929936305732485 0.6586538461538461 0.7929936305732485
0 0.7211538461538461 0.8248407643312102 0.7620192307692307 0.8248407643312102 0.7620192307692307 0.8885350318471338 0.7211538461538461 0.8885350318471338
0 0.4375 0.07643312101910828 0.5024038461538461 0.07643312101910828 0.5024038461538461 0.12738853503184713 0.4375 0.12738853503184713
0 0.4519230769230769 0.1337579617834395 0.5096153846153846 0.1337579617834395 0.5096153846153846 0.1942675159235669 0.4519230769230769 0.1942675159235669
0 0.5600961538461539 0.1337579617834395 0.6177884615384616 0.1337579617834395 0.6177884615384616 0.2197452229299363 0.5600961538461539 0.2197452229299363
0 0.5216346153846154 0.2515923566878981 0.5745192307692307 0.2515923566878981 0.5745192307692307 0.3184713375796178 0.5216346153846154 0.3184713375796178
0 0.39903846153846156 0.2961783439490446 0.4639423076923077 0.2961783439490446 0.4639423076923077 0.37579617834394907 0.39903846153846156 0.37579617834394907
0 0.6322115384615384 0.37898089171974525 0.6802884615384616 0.37898089171974525 0.6802884615384616 0.43312101910828027 0.6322115384615384 0.43312101910828027
0 0.7331730769230769 0.35668789808917195 0.8052884615384616 0.35668789808917195 0.8052884615384616 0.45222929936305734 0.7331730769230769 0.45222929936305734
0 0.43028846153846156 0.43312101910828027 0.47596153846153844 0.43312101910828027 0.47596153846153844 0.49363057324840764 0.43028846153846156 0.49363057324840764
0 0.6538461538461539 0.445859872611465 0.6923076923076923 0.445859872611465 0.6923076923076923 0.49044585987261147 0.6538461538461539 0.49044585987261147
0 0.4831730769230769 0.46496815286624205 0.5408653846153846 0.46496815286624205 0.5408653846153846 0.5286624203821656 0.4831730769230769 0.5286624203821656