3 0.5916666666666667 0.2972222222222222 0.625 0.2972222222222222 0.625 0.3527777777777778 0.5916666666666667 0.3527777777777778
3 0.65 0.39444444444444443 0.6729166666666667 0.39444444444444443 0.6729166666666667 0.43333333333333335 0.65 0.43333333333333335
3 0.6375 0.30277777777777776 0.66875 0.30277777777777776 0.66875 0.3472222222222222 0.6375 0.3472222222222222
3 0.48541666666666666 0.32222222222222224 0.5208333333333334 0.32222222222222224 0.5208333333333334 0.3638888888888889 0.48541666666666666 0.3638888888888889
3 0.35 0.2 0.48125 0.2 0.48125 0.425 0.35 0.425
3 0.575 0.5611111111111111 0.6895833333333333 0.5611111111111111 0.6895833333333333 0.8055555555555556 0.575 0.8055555555555556
3 0.32083333333333336 0.5361111111111111 0.45 0.5361111111111111 0.45 0.6888888888888889 0.32083333333333336 0.6888888888888889
3 0.46875 0.7916666666666666 0.5875 0.7916666666666666 0.5875 0.875 0.46875 0.875
3 0.5 0.5166666666666667 0.5604166666666667 0.5166666666666667 0.5604166666666667 0.6138888888888889 0.5 0.6138888888888889
1 0.35833333333333334 0.49444444444444446 0.4666666666666667 0.49444444444444446 0.4666666666666667 0.5666666666666667 0.35833333333333334 0.5666666666666667
1 0.55625 0.5 0.6708333333333333 0.5 0.6708333333333333 0.5611111111111111 0.55625 0.5611111111111111