3 0.42592592592592593 0.22530864197530864 0.5267489711934157 0.22530864197530864 0.5267489711934157 0.37037037037037035 0.42592592592592593 0.37037037037037035
3 0.5560699588477366 0.16319444444444445 0.6080246913580247 0.16319444444444445 0.6080246913580247 0.23070987654320987 0.5560699588477366 0.23070987654320987
3 0.4495884773662551 0.39853395061728397 0.47170781893004116 0.39853395061728397 0.47170781893004116 0.4158950617283951 0.4495884773662551 0.4158950617283951
3 0.4624485596707819 0.16203703703703703 0.5426954732510288 0.16203703703703703 0.5426954732510288 0.2191358024691358 0.4624485596707819 0.2191358024691358
3 0.6162551440329218 0.23726851851851852 0.6486625514403292 0.23726851851851852 0.6486625514403292 0.27469135802469136 0.6162551440329218 0.27469135802469136
3 0.6116255144032922 0.15354938271604937 0.6707818930041153 0.15354938271604937 0.6707818930041153 0.2199074074074074 0.6116255144032922 0.2199074074074074
3 0.18518518518518517 0.24035493827160495 0.22376543209876543 0.24035493827160495 0.22376543209876543 0.2881944444444444 0.18518518518518517 0.2881944444444444
3 0.1507201646090535 0.2932098765432099 0.16203703703703703 0.2932098765432099 0.16203703703703703 0.3121141975308642 0.1507201646090535 0.3121141975308642
3 0.3914609053497942 0.24498456790123457 0.42592592592592593 0.24498456790123457 0.42592592592592593 0.27469135802469136 0.3914609053497942 0.27469135802469136
4 0.15792181069958847 0.10609567901234568 0.7746913580246914 0.10609567901234568 0.7746913580246914 0.3387345679012346 0.15792181069958847 0.3387345679012346
4 0.0874485596707819 0.3896604938271605 0.8117283950617284 0.3896604938271605 0.8117283950617284 0.8182870370370371 0.0874485596707819 0.8182870370370371