3 0.31635802469135804 0.5933159722222222 0.36342592592592593 0.5933159722222222 0.36342592592592593 0.6206597222222222 0.31635802469135804 0.6206597222222222
3 0.36496913580246915 0.5138888888888888 0.3904320987654321 0.5138888888888888 0.3904320987654321 0.5364583333333334 0.36496913580246915 0.5364583333333334
3 0.3055555555555556 0.4188368055555556 0.33641975308641975 0.4188368055555556 0.33641975308641975 0.4483506944444444 0.3055555555555556 0.4483506944444444
3 0.44598765432098764 0.4483506944444444 0.47608024691358025 0.4483506944444444 0.47608024691358025 0.4661458333333333 0.44598765432098764 0.4661458333333333
3 0.7692901234567902 0.4214409722222222 0.7970679012345679 0.4214409722222222 0.7970679012345679 0.4379340277777778 0.7692901234567902 0.4379340277777778
3 0.628858024691358 0.44140625 0.6589506172839507 0.44140625 0.6589506172839507 0.4557291666666667 0.628858024691358 0.4557291666666667
3 0.6620370370370371 0.5073784722222222 0.6890432098765432 0.5073784722222222 0.6890432098765432 0.5225694444444444 0.6620370370370371 0.5225694444444444
3 0.6458333333333334 0.6011284722222222 0.6952160493827161 0.6011284722222222 0.6952160493827161 0.6215277777777778 0.6458333333333334 0.6215277777777778
3 0.30709876543209874 0.4635416666666667 0.3341049382716049 0.4635416666666667 0.3341049382716049 0.4830729166666667 0.30709876543209874 0.4830729166666667
3 0.625 0.4149305555555556 0.6550925925925926 0.4149305555555556 0.6550925925925926 0.4357638888888889 0.625 0.4357638888888889
3 0.5470679012345679 0.171875 0.5725308641975309 0.171875 0.5725308641975309 0.1909722222222222 0.5470679012345679 0.1909722222222222
3 0.7222222222222222 0.1792534722222222 0.7391975308641975 0.1792534722222222 0.7391975308641975 0.1896701388888889 0.7222222222222222 0.1896701388888889
3 0.8009259259259259 0.15711805555555555 0.8371913580246914 0.15711805555555555 0.8371913580246914 0.1818576388888889 0.8009259259259259 0.1818576388888889
3 0.8379629629629629 0.21397569444444445 0.8603395061728395 0.21397569444444445 0.8603395061728395 0.2282986111111111 0.8379629629629629 0.2282986111111111
3 0.5015432098765432 0.54296875 0.5401234567901234 0.54296875 0.5401234567901234 0.5655381944444444 0.5015432098765432 0.5655381944444444
3 0.5648148148148148 0.4839409722222222 0.6003086419753086 0.4839409722222222 0.6003086419753086 0.50390625 0.5648148148148148 0.50390625
3 0.5246913580246914 0.5755208333333334 0.5810185185185185 0.5755208333333334 0.5810185185185185 0.6124131944444444 0.5246913580246914 0.6124131944444444
3 0.3873456790123457 0.3051215277777778 0.4305555555555556 0.3051215277777778 0.4305555555555556 0.32421875 0.3873456790123457 0.32421875