3 0.17274305555555555 0.528125 0.20572916666666666 0.528125 0.20572916666666666 0.5390625 0.17274305555555555 0.5390625
3 0.6032986111111112 0.338671875 0.6354166666666666 0.338671875 0.6354166666666666 0.349609375 0.6032986111111112 0.349609375
3 0.65625 0.3109375 0.6779513888888888 0.3109375 0.6779513888888888 0.325 0.65625 0.325
3 0.6892361111111112 0.327734375 0.7048611111111112 0.327734375 0.7048611111111112 0.33671875 0.6892361111111112 0.33671875
3 0.6883680555555556 0.339453125 0.7092013888888888 0.339453125 0.7092013888888888 0.349609375 0.6883680555555556 0.349609375
3 0.2907986111111111 0.31953125 0.3159722222222222 0.31953125 0.3159722222222222 0.33046875 0.2907986111111111 0.33046875
3 0.2881944444444444 0.296484375 0.3081597222222222 0.296484375 0.3081597222222222 0.3125 0.2881944444444444 0.3125
3 0.13194444444444445 0.358984375 0.1605902777777778 0.358984375 0.1605902777777778 0.371484375 0.13194444444444445 0.371484375
3 0.12065972222222222 0.446484375 0.1484375 0.446484375 0.1484375 0.4578125 0.12065972222222222 0.4578125
3 0.4331597222222222 0.662109375 0.4644097222222222 0.662109375 0.4644097222222222 0.66875 0.4331597222222222 0.66875
3 0.7456597222222222 0.517578125 0.7734375 0.517578125 0.7734375 0.532421875 0.7456597222222222 0.532421875
3 0.4479166666666667 0.334765625 0.4730902777777778 0.334765625 0.4730902777777778 0.348046875 0.4479166666666667 0.348046875
4 0.11284722222222222 0.276953125 0.90625 0.276953125 0.90625 0.662109375 0.11284722222222222 0.662109375