3 0.42777777777777776 0.25075757575757573 0.4575757575757576 0.25075757575757573 0.4575757575757576 0.27310606060606063 0.42777777777777776 0.27310606060606063
3 0.37323232323232325 0.29015151515151516 0.397979797979798 0.29015151515151516 0.397979797979798 0.3106060606060606 0.37323232323232325 0.3106060606060606
3 0.3146464646464647 0.26477272727272727 0.3409090909090909 0.26477272727272727 0.3409090909090909 0.2833333333333333 0.3146464646464647 0.2833333333333333
3 0.25202020202020203 0.2674242424242424 0.28484848484848485 0.2674242424242424 0.28484848484848485 0.2859848484848485 0.25202020202020203 0.2859848484848485
3 0.3146464646464647 0.36287878787878786 0.3429292929292929 0.36287878787878786 0.3429292929292929 0.37613636363636366 0.3146464646464647 0.37613636363636366
3 0.34949494949494947 0.3787878787878788 0.3838383838383838 0.3787878787878788 0.3838383838383838 0.3931818181818182 0.34949494949494947 0.3931818181818182
3 0.3808080808080808 0.3231060606060606 0.4101010101010101 0.3231060606060606 0.4101010101010101 0.3481060606060606 0.3808080808080808 0.3481060606060606
3 0.43333333333333335 0.42045454545454547 0.4580808080808081 0.42045454545454547 0.4580808080808081 0.4390151515151515 0.43333333333333335 0.4390151515151515
3 0.4393939393939394 0.3613636363636364 0.46060606060606063 0.3613636363636364 0.46060606060606063 0.37462121212121213 0.4393939393939394 0.37462121212121213
3 0.5111111111111111 0.3515151515151515 0.5666666666666667 0.3515151515151515 0.5666666666666667 0.4011363636363636 0.5111111111111111 0.4011363636363636
3 0.40404040404040403 0.5503787878787879 0.42777777777777776 0.5503787878787879 0.42777777777777776 0.5734848484848485 0.40404040404040403 0.5734848484848485
3 0.5772727272727273 0.6378787878787879 0.6611111111111111 0.6378787878787879 0.6611111111111111 0.7219696969696969 0.5772727272727273 0.7219696969696969
4 0.05303030303030303 0.1643939393939394 0.8242424242424242 0.1643939393939394 0.8242424242424242 1 0.05303030303030303 1