3 0.4702586206896552 0.49417098445595853 0.5025862068965518 0.49417098445595853 0.5025862068965518 0.5259067357512953 0.4702586206896552 0.5259067357512953
3 0.4349137931034483 0.5246113989637305 0.49051724137931035 0.5246113989637305 0.49051724137931035 0.5537564766839378 0.4349137931034483 0.5537564766839378
3 0.5366379310344828 0.5055051813471503 0.553448275862069 0.5055051813471503 0.553448275862069 0.5272020725388601 0.5366379310344828 0.5272020725388601
3 0.47198275862068967 0.5615284974093264 0.4991379310344828 0.5615284974093264 0.4991379310344828 0.5838730569948186 0.47198275862068967 0.5838730569948186
3 0.5008620689655172 0.5544041450777202 0.5396551724137931 0.5544041450777202 0.5396551724137931 0.5761010362694301 0.5008620689655172 0.5761010362694301
3 0.4232758620689655 0.6117227979274611 0.4504310344827586 0.6117227979274611 0.4504310344827586 0.6327720207253886 0.4232758620689655 0.6327720207253886
3 0.36810344827586206 0.7292746113989638 0.38232758620689655 0.7292746113989638 0.38232758620689655 0.739961139896373 0.36810344827586206 0.739961139896373
3 0.21422413793103448 0.32027202072538863 0.27586206896551724 0.32027202072538863 0.27586206896551724 0.3539507772020725 0.21422413793103448 0.3539507772020725
3 0.48836206896551726 0.32027202072538863 0.5280172413793104 0.32027202072538863 0.5280172413793104 0.3639896373056995 0.48836206896551726 0.3639896373056995
3 0.5465517241379311 0.4808937823834197 0.565948275862069 0.4808937823834197 0.565948275862069 0.5055051813471503 0.5465517241379311 0.5055051813471503
3 0.4241379310344828 0.2606865284974093 0.4504310344827586 0.2606865284974093 0.4504310344827586 0.28724093264248707 0.4241379310344828 0.28724093264248707
3 0.3267241379310345 0.3228626943005181 0.3603448275862069 0.3228626943005181 0.3603448275862069 0.35071243523316065 0.3267241379310345 0.35071243523316065
3 0.08663793103448277 0.3704663212435233 0.1146551724137931 0.3704663212435233 0.1146551724137931 0.3963730569948187 0.08663793103448277 0.3963730569948187
3 0.15086206896551724 0.28270725388601037 0.19310344827586207 0.28270725388601037 0.19310344827586207 0.3024611398963731 0.15086206896551724 0.3024611398963731
3 0.36336206896551726 0.25841968911917096 0.38275862068965516 0.25841968911917096 0.38275862068965516 0.2801165803108808 0.36336206896551726 0.2801165803108808
1 0.3099137931034483 0.45919689119170987 0.47801724137931034 0.45919689119170987 0.47801724137931034 0.4896373056994819 0.3099137931034483 0.4896373056994819
1 0.09827586206896552 0.48607512953367876 0.16120689655172413 0.48607512953367876 0.16120689655172413 0.5184585492227979 0.09827586206896552 0.5184585492227979
4 0.021120689655172414 0.24514248704663213 0.7469827586206896 0.24514248704663213 0.7469827586206896 0.8144430051813472 0.021120689655172414 0.8144430051813472