3 0.5659722222222222 0.4878125 0.6013888888888889 0.4878125 0.6013888888888889 0.508125 0.5659722222222222 0.508125
3 0.2673611111111111 0.4990625 0.33611111111111114 0.4990625 0.33611111111111114 0.5278125 0.2673611111111111 0.5278125
3 0.20694444444444443 0.4625 0.24930555555555556 0.4625 0.24930555555555556 0.478125 0.20694444444444443 0.478125
3 0.17777777777777778 0.4865625 0.2076388888888889 0.4865625 0.2076388888888889 0.5009375 0.17777777777777778 0.5009375
3 0.20208333333333334 0.4271875 0.23125 0.4271875 0.23125 0.4334375 0.20208333333333334 0.4334375
3 0.5298611111111111 0.5153125 0.5597222222222222 0.5153125 0.5597222222222222 0.526875 0.5298611111111111 0.526875
3 0.23333333333333334 0.63125 0.27569444444444446 0.63125 0.27569444444444446 0.6471875 0.23333333333333334 0.6471875
3 0.23472222222222222 0.6796875 0.2701388888888889 0.6796875 0.2701388888888889 0.695625 0.23472222222222222 0.695625
3 0.3625 0.7065625 0.38125 0.7065625 0.38125 0.715 0.3625 0.715
3 0.3680555555555556 0.68875 0.38055555555555554 0.68875 0.38055555555555554 0.703125 0.3680555555555556 0.703125
3 0.3236111111111111 0.674375 0.33958333333333335 0.674375 0.33958333333333335 0.6846875 0.3236111111111111 0.6846875
3 0.2520833333333333 0.5603125 0.3236111111111111 0.5603125 0.3236111111111111 0.57625 0.2520833333333333 0.57625
3 0.22291666666666668 0.4884375 0.2569444444444444 0.4884375 0.2569444444444444 0.50625 0.22291666666666668 0.50625
3 0.5847222222222223 0.6290625 0.6145833333333334 0.6290625 0.6145833333333334 0.63875 0.5847222222222223 0.63875
3 0.60625 0.6003125 0.6277777777777778 0.6003125 0.6277777777777778 0.618125 0.60625 0.618125