3 0.5168393782383419 0.6402202072538861 0.5647668393782384 0.6402202072538861 0.5647668393782384 0.6768134715025906 0.5168393782383419 0.6768134715025906
3 0.6265112262521589 0.8005181347150259 0.6610535405872193 0.8005181347150259 0.6610535405872193 0.8293393782383419 0.6265112262521589 0.8293393782383419
3 0.6787564766839378 0.8727331606217616 0.7284110535405872 0.8727331606217616 0.7284110535405872 0.8976683937823834 0.6787564766839378 0.8976683937823834
3 0.8013816925734024 0.8364637305699482 0.8238341968911918 0.8364637305699482 0.8238341968911918 0.8575129533678757 0.8013816925734024 0.8575129533678757
3 0.6023316062176166 0.49060880829015546 0.6178756476683938 0.49060880829015546 0.6178756476683938 0.5058290155440415 0.6023316062176166 0.5058290155440415
2 0.45466321243523317 0.741580310880829 0.4689119170984456 0.741580310880829 0.4689119170984456 0.760038860103627 0.45466321243523317 0.760038860103627
2 0.4892055267702936 0.7982512953367875 0.5025906735751295 0.7982512953367875 0.5025906735751295 0.8228626943005182 0.4892055267702936 0.8228626943005182
2 0.49222797927461137 0.7765544041450777 0.5099309153713298 0.7765544041450777 0.5099309153713298 0.790479274611399 0.49222797927461137 0.790479274611399
2 0.7737478411053541 0.5566709844559585 0.7962003454231433 0.5566709844559585 0.7962003454231433 0.5735103626943006 0.7737478411053541 0.5735103626943006
6 0.6696891191709845 0.3591321243523316 0.9831606217616581 0.3591321243523316 0.9831606217616581 0.4948186528497409 0.6696891191709845 0.4948186528497409
2 0.479706390328152 0.6431347150259067 0.4892055267702936 0.6431347150259067 0.4892055267702936 0.6541450777202072 0.479706390328152 0.6541450777202072
2 0.44991364421416236 0.6573834196891192 0.4572538860103627 0.6573834196891192 0.4572538860103627 0.6645077720207254 0.44991364421416236 0.6645077720207254