3 0.26429738562091504 0.4319852941176471 0.34191176470588236 0.4319852941176471 0.34191176470588236 0.49019607843137253 0.26429738562091504 0.49019607843137253
3 0.4632352941176471 0.3587622549019608 0.5465686274509803 0.3587622549019608 0.5465686274509803 0.38388480392156865 0.4632352941176471 0.38388480392156865
3 0.4922385620915033 0.19638480392156862 0.5016339869281046 0.19638480392156862 0.5016339869281046 0.20680147058823528 0.4922385620915033 0.20680147058823528
3 0.5514705882352942 0.21262254901960784 0.5678104575163399 0.21262254901960784 0.5678104575163399 0.22028186274509803 0.5514705882352942 0.22028186274509803
3 0.505718954248366 0.2267156862745098 0.5249183006535948 0.2267156862745098 0.5249183006535948 0.24019607843137256 0.505718954248366 0.24019607843137256
3 0.494281045751634 0.24448529411764705 0.5122549019607843 0.24448529411764705 0.5122549019607843 0.25919117647058826 0.494281045751634 0.25919117647058826
3 0.48161764705882354 0.25980392156862747 0.4963235294117647 0.25980392156862747 0.4963235294117647 0.2668504901960784 0.48161764705882354 0.2668504901960784
3 0.47263071895424835 0.30943627450980393 0.4930555555555556 0.30943627450980393 0.4930555555555556 0.32506127450980393 0.47263071895424835 0.32506127450980393
3 0.5375816993464052 0.3431372549019608 0.548202614379085 0.3431372549019608 0.548202614379085 0.35753676470588236 0.5375816993464052 0.35753676470588236
3 0.6008986928104575 0.2696078431372549 0.6123366013071896 0.2696078431372549 0.6123366013071896 0.27971813725490197 0.6008986928104575 0.27971813725490197
3 0.5159313725490197 0.25857843137254904 0.5453431372549019 0.25857843137254904 0.5453431372549019 0.2705269607843137 0.5159313725490197 0.2705269607843137
3 0.26552287581699346 0.36580882352941174 0.2749183006535948 0.36580882352941174 0.2749183006535948 0.3786764705882353 0.26552287581699346 0.3786764705882353
3 0.5347222222222222 0.6412377450980392 0.5563725490196079 0.6412377450980392 0.5563725490196079 0.6547181372549019 0.5347222222222222 0.6547181372549019
3 0.5882352941176471 0.6222426470588235 0.6004901960784313 0.6222426470588235 0.6004901960784313 0.6308210784313726 0.5882352941176471 0.6308210784313726
3 0.5526960784313726 0.6240808823529411 0.5686274509803921 0.6240808823529411 0.5686274509803921 0.633578431372549 0.5526960784313726 0.633578431372549
3 0.4027777777777778 0.6151960784313726 0.41544117647058826 0.6151960784313726 0.41544117647058826 0.6271446078431373 0.4027777777777778 0.6271446078431373
3 0.2916666666666667 0.5401348039215687 0.31699346405228757 0.5401348039215687 0.31699346405228757 0.5563725490196079 0.2916666666666667 0.5563725490196079
3 0.5743464052287581 0.39736519607843135 0.5959967320261438 0.39736519607843135 0.5959967320261438 0.4267769607843137 0.5743464052287581 0.4267769607843137
3 0.6180555555555556 0.4335171568627451 0.6446078431372549 0.4335171568627451 0.6446078431372549 0.44362745098039214 0.6180555555555556 0.44362745098039214
3 0.6045751633986928 0.4482230392156863 0.6156045751633987 0.4482230392156863 0.6156045751633987 0.4528186274509804 0.6045751633986928 0.4528186274509804
3 0.6703431372549019 0.45618872549019607 0.696078431372549 0.45618872549019607 0.696078431372549 0.48192401960784315 0.6703431372549019 0.48192401960784315
3 0.6609477124183006 0.43995098039215685 0.6948529411764706 0.43995098039215685 0.6948529411764706 0.4525122549019608 0.6609477124183006 0.4525122549019608
4 0.22834967320261437 0.22334558823529413 0.7818627450980392 0.22334558823529413 0.7818627450980392 0.6859681372549019 0.22834967320261437 0.6859681372549019