5 0.6409638554216868 0.5492424242424242 0.689156626506024 0.5492424242424242 0.689156626506024 0.6136363636363636 0.6409638554216868 0.6136363636363636
5 0.3180722891566265 0.5606060606060606 0.363855421686747 0.5606060606060606 0.363855421686747 0.6212121212121212 0.3180722891566265 0.6212121212121212
5 0.4891566265060241 0.571969696969697 0.5373493975903615 0.571969696969697 0.5373493975903615 0.6325757575757576 0.4891566265060241 0.6325757575757576
5 0.40481927710843374 0.5871212121212122 0.4433734939759036 0.5871212121212122 0.4433734939759036 0.6401515151515151 0.40481927710843374 0.6401515151515151
5 0.6795180722891566 0.6136363636363636 0.7180722891566265 0.6136363636363636 0.7180722891566265 0.6628787878787878 0.6795180722891566 0.6628787878787878
5 0.7421686746987952 0.7878787878787878 0.7831325301204819 0.7878787878787878 0.7831325301204819 0.8522727272727273 0.7421686746987952 0.8522727272727273
5 0.327710843373494 0.06060606060606061 0.3759036144578313 0.06060606060606061 0.3759036144578313 0.11363636363636363 0.327710843373494 0.11363636363636363
5 0.7421686746987952 0.8901515151515151 0.7831325301204819 0.8901515151515151 0.7831325301204819 0.9507575757575758 0.7421686746987952 0.9507575757575758
5 0.3566265060240964 0.11742424242424243 0.41204819277108434 0.11742424242424243 0.41204819277108434 0.19318181818181818 0.3566265060240964 0.19318181818181818
5 0.3060240963855422 0.1590909090909091 0.3686746987951807 0.1590909090909091 0.3686746987951807 0.23106060606060605 0.3060240963855422 0.23106060606060605
5 0.41445783132530123 0.2537878787878788 0.46265060240963857 0.2537878787878788 0.46265060240963857 0.32575757575757575 0.41445783132530123 0.32575757575757575
5 0.4819277108433735 0.29545454545454547 0.5204819277108433 0.29545454545454547 0.5204819277108433 0.3484848484848485 0.4819277108433735 0.3484848484848485
5 0.42409638554216866 0.3068181818181818 0.45542168674698796 0.3068181818181818 0.45542168674698796 0.3560606060606061 0.42409638554216866 0.3560606060606061
5 0.37349397590361444 0.3068181818181818 0.4072289156626506 0.3068181818181818 0.4072289156626506 0.35984848484848486 0.37349397590361444 0.35984848484848486
5 0.25301204819277107 0.32575757575757575 0.30120481927710846 0.32575757575757575 0.30120481927710846 0.3787878787878788 0.25301204819277107 0.3787878787878788
5 0.6048192771084338 0.32954545454545453 0.6433734939759036 0.32954545454545453 0.6433734939759036 0.39015151515151514 0.6048192771084338 0.39015151515151514
5 0.3180722891566265 0.3333333333333333 0.36626506024096384 0.3333333333333333 0.36626506024096384 0.3977272727272727 0.3180722891566265 0.3977272727272727
5 0.6481927710843374 0.3939393939393939 0.6963855421686747 0.3939393939393939 0.6963855421686747 0.4659090909090909 0.6481927710843374 0.4659090909090909
5 0.38795180722891565 0.42424242424242425 0.43373493975903615 0.42424242424242425 0.43373493975903615 0.4772727272727273 0.38795180722891565 0.4772727272727273
5 0.5710843373493976 0.4318181818181818 0.619277108433735 0.4318181818181818 0.619277108433735 0.4962121212121212 0.5710843373493976 0.4962121212121212
5 0.5903614457831325 0.5037878787878788 0.6313253012048192 0.5037878787878788 0.6313253012048192 0.5643939393939394 0.5903614457831325 0.5643939393939394
0 0.3108433734939759 0.6098484848484849 0.3301204819277108 0.6098484848484849 0.3301204819277108 0.6590909090909091 0.3108433734939759 0.6590909090909091