5 0.4674698795180723 0.5454545454545454 0.5421686746987951 0.5454545454545454 0.5421686746987951 0.6098484848484849 0.4674698795180723 0.6098484848484849
5 0.9686746987951808 0.5568181818181818 0.9951807228915662 0.5568181818181818 0.9951807228915662 0.6174242424242424 0.9686746987951808 0.6174242424242424
5 0.7204819277108434 0.5643939393939394 0.7542168674698795 0.5643939393939394 0.7542168674698795 0.6363636363636364 0.7204819277108434 0.6363636363636364
5 0.7614457831325301 0.571969696969697 0.7951807228915663 0.571969696969697 0.7951807228915663 0.625 0.7614457831325301 0.625
5 0.6072289156626506 0.6174242424242424 0.655421686746988 0.6174242424242424 0.655421686746988 0.6704545454545454 0.6072289156626506 0.6704545454545454
5 0.43373493975903615 0.6174242424242424 0.4963855421686747 0.6174242424242424 0.4963855421686747 0.6931818181818182 0.43373493975903615 0.6931818181818182
5 0.5807228915662651 0.6287878787878788 0.6216867469879518 0.6287878787878788 0.6216867469879518 0.6893939393939394 0.5807228915662651 0.6893939393939394
5 0.3686746987951807 0.696969696969697 0.42409638554216866 0.696969696969697 0.42409638554216866 0.7651515151515151 0.3686746987951807 0.7651515151515151
5 0.8 0.7045454545454546 0.8385542168674699 0.7045454545454546 0.8385542168674699 0.7727272727272727 0.8 0.7727272727272727
5 0.5710843373493976 0.7272727272727273 0.6385542168674698 0.7272727272727273 0.6385542168674698 0.7727272727272727 0.5710843373493976 0.7727272727272727
5 0.7710843373493976 0.8446969696969697 0.8192771084337349 0.8446969696969697 0.8192771084337349 0.8939393939393939 0.7710843373493976 0.8939393939393939
5 0.7783132530120482 0.056818181818181816 0.8313253012048193 0.056818181818181816 0.8313253012048193 0.12878787878787878 0.7783132530120482 0.12878787878787878
5 0.7421686746987952 0.12121212121212122 0.7951807228915663 0.12121212121212122 0.7951807228915663 0.20454545454545456 0.7421686746987952 0.20454545454545456
5 0.7855421686746988 0.21212121212121213 0.8313253012048193 0.21212121212121213 0.8313253012048193 0.2840909090909091 0.7855421686746988 0.2840909090909091
5 0.7951807228915663 0.2765151515151515 0.8361445783132531 0.2765151515151515 0.8361445783132531 0.3522727272727273 0.7951807228915663 0.3522727272727273
5 0.6795180722891566 0.3181818181818182 0.727710843373494 0.3181818181818182 0.727710843373494 0.38257575757575757 0.6795180722891566 0.38257575757575757
5 0.5180722891566265 0.3143939393939394 0.5518072289156627 0.3143939393939394 0.5518072289156627 0.39015151515151514 0.5180722891566265 0.39015151515151514
5 0.4819277108433735 0.3712121212121212 0.5277108433734939 0.3712121212121212 0.5277108433734939 0.42424242424242425 0.4819277108433735 0.42424242424242425
5 0.6843373493975904 0.38636363636363635 0.7228915662650602 0.38636363636363635 0.7228915662650602 0.45075757575757575 0.6843373493975904 0.45075757575757575
5 0.7349397590361446 0.3712121212121212 0.7879518072289157 0.3712121212121212 0.7879518072289157 0.4659090909090909 0.7349397590361446 0.4659090909090909
5 0.7951807228915663 0.39015151515151514 0.8554216867469879 0.39015151515151514 0.8554216867469879 0.45454545454545453 0.7951807228915663 0.45454545454545453
5 0.4506024096385542 0.4166666666666667 0.4963855421686747 0.4166666666666667 0.4963855421686747 0.4696969696969697 0.4506024096385542 0.4696969696969697
5 0.8819277108433735 0.4015151515151515 0.9421686746987952 0.4015151515151515 0.9421686746987952 0.48863636363636365 0.8819277108433735 0.48863636363636365
5 0.8506024096385543 0.4393939393939394 0.8819277108433735 0.4393939393939394 0.8819277108433735 0.5378787878787878 0.8506024096385543 0.5378787878787878
5 0.708433734939759 0.5113636363636364 0.7542168674698795 0.5113636363636364 0.7542168674698795 0.5757575757575758 0.708433734939759 0.5757575757575758
5 0.363855421686747 0.5151515151515151 0.39759036144578314 0.5151515151515151 0.39759036144578314 0.5795454545454546 0.363855421686747 0.5795454545454546