3 0.783157894736842 0.09773123909249563 0.8989473684210526 0.09773123909249563 0.8989473684210526 0.19720767888307156 0.783157894736842 0.19720767888307156
3 0.6252631578947369 0.16404886561954624 0.8252631578947368 0.16404886561954624 0.8252631578947368 0.25654450261780104 0.6252631578947369 0.25654450261780104
3 0.6147368421052631 0.04712041884816754 0.7894736842105263 0.04712041884816754 0.7894736842105263 0.16579406631762653 0.6147368421052631 0.16579406631762653
3 0.4147368421052632 0.1082024432809773 0.6589473684210526 0.1082024432809773 0.6589473684210526 0.23036649214659685 0.4147368421052632 0.23036649214659685
3 0.47578947368421054 0.2914485165794066 0.7178947368421053 0.2914485165794066 0.7178947368421053 0.3472949389179756 0.47578947368421054 0.3472949389179756
3 0.6610526315789473 0.3961605584642234 0.7873684210526316 0.3961605584642234 0.7873684210526316 0.5567190226876091 0.6610526315789473 0.5567190226876091
3 0.8547368421052631 0.525305410122164 0.9726315789473684 0.525305410122164 0.9726315789473684 0.6422338568935427 0.8547368421052631 0.6422338568935427
3 0.7557894736842106 0.6230366492146597 0.8526315789473684 0.6230366492146597 0.8526315789473684 0.7085514834205934 0.7557894736842106 0.7085514834205934
3 0.5621052631578948 0.6492146596858639 0.6631578947368421 0.6492146596858639 0.6631578947368421 0.774869109947644 0.5621052631578948 0.774869109947644
3 0.42526315789473684 0.68760907504363 0.5473684210526316 0.68760907504363 0.5473684210526316 0.7783595113438045 0.42526315789473684 0.7783595113438045
3 0.5452631578947369 0.8656195462478184 0.72 0.8656195462478184 0.72 0.9336823734729494 0.5452631578947369 0.9336823734729494
3 0.751578947368421 0.9406631762652705 0.9136842105263158 0.9406631762652705 0.9136842105263158 1 0.751578947368421 1
3 0.9094736842105263 0.8883071553228621 1 0.8883071553228621 1 0.9947643979057592 0.9094736842105263 0.9947643979057592
3 0.32842105263157895 0.20418848167539266 0.4063157894736842 0.20418848167539266 0.4063157894736842 0.3158813263525305 0.32842105263157895 0.3158813263525305
3 0.5768421052631579 0.41361256544502617 0.5957894736842105 0.41361256544502617 0.5957894736842105 0.43455497382198954 0.5768421052631579 0.43455497382198954
3 0.7536842105263157 0.3158813263525305 0.7726315789473684 0.3158813263525305 0.7726315789473684 0.33507853403141363 0.7536842105263157 0.33507853403141363
3 0.6210526315789474 0.8027923211169284 0.64 0.8027923211169284 0.64 0.8184991273996509 0.6210526315789474 0.8184991273996509