0 0.39214840379637617 0.6129959746981024 0.5276100086281277 0.6129959746981024 0.5276100086281277 0.7596319723979299 0.39214840379637617 0.7596319723979299
0 0.21484037963761865 0.5060379528464635 0.36496980155306297 0.5060379528464635 0.36496980155306297 0.6377228292121909 0.21484037963761865 0.6377228292121909
0 0.16091458153580673 0.4629097182288672 0.24978429680759276 0.4629097182288672 0.24978429680759276 0.5595169637722829 0.16091458153580673 0.5595169637722829
0 0.1557377049180328 0.0655549166187464 0.3360655737704918 0.0655549166187464 0.3360655737704918 0.24899367452558943 0.1557377049180328 0.24899367452558943
0 0.865832614322692 0.4945370902817711 0.9585849870578085 0.4945370902817711 0.9585849870578085 0.5980448533640023 0.865832614322692 0.5980448533640023
0 0.31233822260569455 0.7912593444508338 0.4715271786022433 0.7912593444508338 0.4715271786022433 0.9850488786659 0.31233822260569455 0.9850488786659
0 0.21570319240724764 0.6561242093156987 0.4387402933563417 0.6561242093156987 0.4387402933563417 0.8263369752731455 0.21570319240724764 0.8263369752731455
0 0.6967213114754098 0.3341000575043128 0.8093183779119931 0.3341000575043128 0.8093183779119931 0.48591144335825187 0.6967213114754098 0.48591144335825187
0 0.5189818809318378 0.3881541115583669 0.5405522001725626 0.3881541115583669 0.5405522001725626 0.4077055779183439 0.5189818809318378 0.4077055779183439
0 0.5651423641069888 0.7809085681426107 0.596635030198447 0.7809085681426107 0.596635030198447 0.8079355951696378 0.5651423641069888 0.8079355951696378
0 0.5992234685073339 0.9712478435882691 0.6194995685936152 0.9712478435882691 0.6194995685936152 0.9959746981023577 0.5992234685073339 0.9959746981023577