3 0.43343653250773995 0.4258064516129032 0.5913312693498453 0.4258064516129032 0.5913312693498453 0.7225806451612903 0.43343653250773995 0.7225806451612903
3 0.44272445820433437 0.2064516129032258 0.5789473684210527 0.2064516129032258 0.5789473684210527 0.36129032258064514 0.44272445820433437 0.36129032258064514
3 0.30030959752321984 0.2645161290322581 0.44891640866873067 0.2645161290322581 0.44891640866873067 0.5419354838709678 0.30030959752321984 0.5419354838709678
3 0.20123839009287925 0.6387096774193548 0.34055727554179566 0.6387096774193548 0.34055727554179566 0.8516129032258064 0.20123839009287925 0.8516129032258064
3 0.15789473684210525 0.33548387096774196 0.29721362229102166 0.33548387096774196 0.29721362229102166 0.632258064516129 0.15789473684210525 0.632258064516129
3 0.6377708978328174 0.22580645161290322 0.7739938080495357 0.22580645161290322 0.7739938080495357 0.45806451612903226 0.6377708978328174 0.45806451612903226
3 0.6006191950464397 0.5096774193548387 0.7089783281733746 0.5096774193548387 0.7089783281733746 0.7612903225806451 0.6006191950464397 0.7612903225806451
3 0.5510835913312694 0 0.6687306501547987 0 0.6687306501547987 0.1935483870967742 0.5510835913312694 0.1935483870967742
3 0.8080495356037152 0.6645161290322581 0.8823529411764706 0.6645161290322581 0.8823529411764706 0.8129032258064516 0.8080495356037152 0.8129032258064516
3 0.718266253869969 0.5870967741935483 0.8142414860681114 0.5870967741935483 0.8142414860681114 0.8774193548387097 0.718266253869969 0.8774193548387097
3 0.8111455108359134 0.18064516129032257 0.9102167182662538 0.18064516129032257 0.9102167182662538 0.3548387096774194 0.8111455108359134 0.3548387096774194
3 0.38699690402476783 0.6967741935483871 0.5170278637770898 0.6967741935483871 0.5170278637770898 0.9161290322580645 0.38699690402476783 0.9161290322580645
3 0.06191950464396285 0.12258064516129032 0.25386996904024767 0.12258064516129032 0.25386996904024767 0.33548387096774196 0.06191950464396285 0.33548387096774196
3 0.04643962848297214 0.45806451612903226 0.15170278637770898 0.45806451612903226 0.15170278637770898 0.7419354838709677 0.04643962848297214 0.7419354838709677
3 0.38699690402476783 0.03870967741935484 0.4953560371517028 0.03870967741935484 0.4953560371517028 0.18064516129032257 0.38699690402476783 0.18064516129032257
3 0.5634674922600619 0.896774193548387 0.6594427244582043 0.896774193548387 0.6594427244582043 0.9870967741935484 0.5634674922600619 0.9870967741935484
3 0.20123839009287925 0.8580645161290322 0.29411764705882354 0.8580645161290322 0.29411764705882354 0.9290322580645162 0.20123839009287925 0.9290322580645162
3 0.4241486068111455 0.9161290322580645 0.5325077399380805 0.9161290322580645 0.5325077399380805 1 0.4241486068111455 1