3 0.3107822410147992 0.35694444444444445 0.5454545454545454 0.35694444444444445 0.5454545454545454 0.4527777777777778 0.3107822410147992 0.4527777777777778
3 0.5391120507399577 0.3236111111111111 0.7484143763213531 0.3236111111111111 0.7484143763213531 0.43472222222222223 0.5391120507399577 0.43472222222222223
3 0.45454545454545453 0.24583333333333332 0.5856236786469344 0.24583333333333332 0.5856236786469344 0.32916666666666666 0.45454545454545453 0.32916666666666666
3 0.7928118393234672 0.6013888888888889 0.9238900634249472 0.6013888888888889 0.9238900634249472 0.7 0.7928118393234672 0.7
3 0.6997885835095138 0.6569444444444444 0.8710359408033826 0.6569444444444444 0.8710359408033826 0.7722222222222223 0.6997885835095138 0.7722222222222223
3 0.26849894291754756 0.6513888888888889 0.3763213530655391 0.6513888888888889 0.3763213530655391 0.7277777777777777 0.26849894291754756 0.7277777777777777
3 0.16701902748414377 0.6569444444444444 0.2642706131078224 0.6569444444444444 0.2642706131078224 0.7513888888888889 0.16701902748414377 0.7513888888888889
3 0.4164904862579281 0.8597222222222223 0.6807610993657506 0.8597222222222223 0.6807610993657506 0.9402777777777778 0.4164904862579281 0.9402777777777778
3 0.44608879492600423 0.6125 0.6004228329809725 0.6125 0.6004228329809725 0.6972222222222222 0.44608879492600423 0.6972222222222222
3 0.1839323467230444 0.31805555555555554 0.4312896405919662 0.31805555555555554 0.4312896405919662 0.34444444444444444 0.1839323467230444 0.34444444444444444
3 0.7251585623678647 0.2847222222222222 0.8118393234672304 0.2847222222222222 0.8118393234672304 0.35138888888888886 0.7251585623678647 0.35138888888888886