3 0.38181818181818183 0.26229508196721313 0.5345454545454545 0.26229508196721313 0.5345454545454545 0.5355191256830601 0.38181818181818183 0.5355191256830601
3 0.4690909090909091 0.1092896174863388 0.6545454545454545 0.1092896174863388 0.6545454545454545 0.3114754098360656 0.4690909090909091 0.3114754098360656
3 0.29818181818181816 0.3442622950819672 0.4218181818181818 0.3442622950819672 0.4218181818181818 0.5573770491803278 0.29818181818181816 0.5573770491803278
3 0.10545454545454545 0.3825136612021858 0.31272727272727274 0.3825136612021858 0.31272727272727274 0.6120218579234973 0.10545454545454545 0.6120218579234973
3 0.38181818181818183 0.6612021857923497 0.5236363636363637 0.6612021857923497 0.5236363636363637 0.9508196721311475 0.38181818181818183 0.9508196721311475
3 0.5127272727272727 0.40437158469945356 0.6945454545454546 0.40437158469945356 0.6945454545454546 0.6557377049180327 0.5127272727272727 0.6557377049180327
3 0.8327272727272728 0 1 0 1 0.21311475409836064 0.8327272727272728 0.21311475409836064
3 0.6981818181818182 0.14754098360655737 0.9490909090909091 0.14754098360655737 0.9490909090909091 0.43169398907103823 0.6981818181818182 0.43169398907103823
3 0.8145454545454546 0.6065573770491803 0.9818181818181818 0.6065573770491803 0.9818181818181818 0.8415300546448088 0.8145454545454546 0.8415300546448088
3 0.7054545454545454 0.6010928961748634 0.9163636363636364 0.6010928961748634 0.9163636363636364 0.9180327868852459 0.7054545454545454 0.9180327868852459
3 0.26181818181818184 0.6721311475409836 0.4218181818181818 0.6721311475409836 0.4218181818181818 0.8688524590163934 0.26181818181818184 0.8688524590163934