3 0.22587268993839835 0.6277777777777778 0.32854209445585214 0.6277777777777778 0.32854209445585214 0.7805555555555556 0.22587268993839835 0.7805555555555556
3 0.13552361396303902 0.40555555555555556 0.20123203285420946 0.40555555555555556 0.20123203285420946 0.4722222222222222 0.13552361396303902 0.4722222222222222
3 0.39835728952772076 0.2611111111111111 0.5010266940451745 0.2611111111111111 0.5010266940451745 0.3527777777777778 0.39835728952772076 0.3527777777777778
3 0.2587268993839836 0.8361111111111111 0.3408624229979466 0.8361111111111111 0.3408624229979466 0.9277777777777778 0.2587268993839836 0.9277777777777778
3 0.39014373716632444 0.7111111111111111 0.4681724845995893 0.7111111111111111 0.4681724845995893 0.7527777777777778 0.39014373716632444 0.7527777777777778
3 0.10677618069815195 0.3111111111111111 0.1437371663244353 0.3111111111111111 0.1437371663244353 0.33055555555555555 0.10677618069815195 0.33055555555555555
3 0.07392197125256673 0.5305555555555556 0.1601642710472279 0.5305555555555556 0.1601642710472279 0.6111111111111112 0.07392197125256673 0.6111111111111112
6 0.27104722792607805 0.39166666666666666 0.47638603696098564 0.39166666666666666 0.47638603696098564 0.5111111111111111 0.27104722792607805 0.5111111111111111
6 0.7720739219712526 0.08194444444444444 0.9938398357289527 0.08194444444444444 0.9938398357289527 0.3888888888888889 0.7720739219712526 0.3888888888888889
3 0.7638603696098563 0.7555555555555555 0.8562628336755647 0.7555555555555555 0.8562628336755647 0.7763888888888889 0.7638603696098563 0.7763888888888889
3 0.5544147843942505 0.8805555555555555 0.5872689938398358 0.8805555555555555 0.5872689938398358 0.9 0.5544147843942505 0.9
3 0.6324435318275154 0.8236111111111111 0.6673511293634496 0.8236111111111111 0.6673511293634496 0.8472222222222222 0.6324435318275154 0.8472222222222222