3 0.5520504731861199 0 0.6340694006309149 0 0.6340694006309149 0.04205607476635514 0.5520504731861199 0.04205607476635514
3 0.47003154574132494 0.03582554517133956 0.556782334384858 0.03582554517133956 0.556782334384858 0.09657320872274143 0.47003154574132494 0.09657320872274143
3 0.42586750788643535 0.13551401869158877 0.4842271293375394 0.13551401869158877 0.4842271293375394 0.18691588785046728 0.42586750788643535 0.18691588785046728
3 0.3359621451104101 0.17133956386292834 0.3990536277602524 0.17133956386292834 0.3990536277602524 0.2383177570093458 0.3359621451104101 0.2383177570093458
3 0.6703470031545742 0.06230529595015576 0.7413249211356467 0.06230529595015576 0.7413249211356467 0.1588785046728972 0.6703470031545742 0.1588785046728972
3 0.5599369085173501 0.27258566978193144 0.6419558359621451 0.27258566978193144 0.6419558359621451 0.3426791277258567 0.5599369085173501 0.3426791277258567
3 0.47634069400630913 0.3940809968847352 0.5678233438485805 0.3940809968847352 0.5678233438485805 0.45638629283489096 0.47634069400630913 0.45638629283489096
3 0.3391167192429022 0.4485981308411215 0.39747634069400634 0.4485981308411215 0.39747634069400634 0.5062305295950156 0.3391167192429022 0.5062305295950156
3 0.2634069400630915 0.5109034267912772 0.31545741324921134 0.5109034267912772 0.31545741324921134 0.5716510903426791 0.2634069400630915 0.5716510903426791
3 0.3675078864353312 0.5451713395638629 0.444794952681388 0.5451713395638629 0.444794952681388 0.602803738317757 0.3675078864353312 0.602803738317757
3 0.6703470031545742 0.19937694704049844 0.7444794952681388 0.19937694704049844 0.7444794952681388 0.2881619937694704 0.6703470031545742 0.2881619937694704
3 0.610410094637224 0.03426791277258567 0.6624605678233438 0.03426791277258567 0.6624605678233438 0.09657320872274143 0.610410094637224 0.09657320872274143