0 0.6716738197424893 0.8278481012658228 0.7896995708154506 0.8278481012658228 0.7896995708154506 0.9341772151898734 0.6716738197424893 0.9341772151898734
0 0.463519313304721 0.4379746835443038 0.6244635193133047 0.4379746835443038 0.6244635193133047 0.5240506329113924 0.463519313304721 0.5240506329113924
0 0.2553648068669528 0.39746835443037976 0.3798283261802575 0.39746835443037976 0.3798283261802575 0.5139240506329114 0.2553648068669528 0.5139240506329114
0 0.33261802575107297 0.3012658227848101 0.41201716738197425 0.3012658227848101 0.41201716738197425 0.3822784810126582 0.33261802575107297 0.3822784810126582
0 0.13304721030042918 0.5240506329113924 0.19313304721030042 0.5240506329113924 0.19313304721030042 0.620253164556962 0.13304721030042918 0.620253164556962
0 0.2167381974248927 0.6050632911392405 0.30257510729613735 0.6050632911392405 0.30257510729613735 0.6911392405063291 0.2167381974248927 0.6911392405063291
0 0.49141630901287553 0.6075949367088608 0.6180257510729614 0.6075949367088608 0.6180257510729614 0.8126582278481013 0.49141630901287553 0.8126582278481013
0 0.9635193133047211 0.3291139240506329 1 0.3291139240506329 1 0.4936708860759494 0.9635193133047211 0.4936708860759494
0 0.8197424892703863 0.640506329113924 1 0.640506329113924 1 0.9468354430379747 0.8197424892703863 0.9468354430379747
0 0.6394849785407726 0.33164556962025316 0.8240343347639485 0.33164556962025316 0.8240343347639485 0.8151898734177215 0.6394849785407726 0.8151898734177215
0 0.3497854077253219 0.1670886075949367 0.40772532188841204 0.1670886075949367 0.40772532188841204 0.21772151898734177 0.3497854077253219 0.21772151898734177
0 0.5600858369098712 0.1620253164556962 0.5879828326180258 0.1620253164556962 0.5879828326180258 0.21265822784810126 0.5600858369098712 0.21265822784810126
0 0.8261802575107297 0.37468354430379747 0.8733905579399142 0.37468354430379747 0.8733905579399142 0.42025316455696204 0.8261802575107297 0.42025316455696204
0 0.38626609442060084 0.6 0.40987124463519314 0.6 0.40987124463519314 0.6506329113924051 0.38626609442060084 0.6506329113924051
0 0.10085836909871244 0.39746835443037976 0.12446351931330472 0.39746835443037976 0.12446351931330472 0.43037974683544306 0.10085836909871244 0.43037974683544306