0 0.29981718464351004 0.7792642140468228 0.39853747714808047 0.7792642140468228 0.39853747714808047 0.9331103678929766 0.29981718464351004 0.9331103678929766
0 0.14990859232175502 0.7558528428093646 0.22851919561243145 0.7558528428093646 0.22851919561243145 0.8729096989966555 0.14990859232175502 0.8729096989966555
0 0.170018281535649 0.919732441471572 0.25594149908592323 0.919732441471572 0.25594149908592323 0.9866220735785953 0.170018281535649 0.9866220735785953
0 0.19012797074954296 0.5752508361204013 0.2376599634369287 0.5752508361204013 0.2376599634369287 0.6588628762541806 0.19012797074954296 0.6588628762541806
0 0.26508226691042047 0.2408026755852843 0.360146252285192 0.2408026755852843 0.360146252285192 0.3745819397993311 0.26508226691042047 0.3745819397993311
0 0.10968921389396709 0.17725752508361203 0.21937842778793418 0.17725752508361203 0.21937842778793418 0.2842809364548495 0.10968921389396709 0.2842809364548495
0 0.4936014625228519 0.030100334448160536 0.5484460694698354 0.030100334448160536 0.5484460694698354 0.12709030100334448 0.4936014625228519 0.12709030100334448
0 0.2376599634369287 0.47157190635451507 0.2906764168190128 0.47157190635451507 0.2906764168190128 0.5819397993311036 0.2376599634369287 0.5819397993311036
0 0.6307129798903108 0.3612040133779264 0.716636197440585 0.3612040133779264 0.716636197440585 0.43478260869565216 0.6307129798903108 0.43478260869565216
0 0.8354661791590493 0.7859531772575251 0.8903107861060329 0.7859531772575251 0.8903107861060329 0.8662207357859532 0.8354661791590493 0.8662207357859532
0 0.6270566727605119 0.5618729096989966 0.6672760511882998 0.5618729096989966 0.6672760511882998 0.6421404682274248 0.6270566727605119 0.6421404682274248