0 0.7524509803921569 0.18910741301059 0.8676470588235294 0.18910741301059 0.8676470588235294 0.2813918305597579 0.7524509803921569 0.2813918305597579
0 0.8897058823529411 0.2481089258698941 0.9485294117647058 0.2481089258698941 0.9485294117647058 0.29954614220877457 0.8897058823529411 0.29954614220877457
0 0.5024509803921569 0.4599092284417549 0.5833333333333334 0.4599092284417549 0.5833333333333334 0.5128593040847201 0.5024509803921569 0.5128593040847201
0 0.35049019607843135 0.5310136157337367 0.4362745098039216 0.5310136157337367 0.4362745098039216 0.6021180030257186 0.35049019607843135 0.6021180030257186
0 0.024509803921568627 0.5824508320726173 0.2622549019607843 0.5824508320726173 0.2622549019607843 0.659606656580938 0.024509803921568627 0.659606656580938
0 0.11519607843137254 0.7231467473524962 0.23529411764705882 0.7231467473524962 0.23529411764705882 0.7912254160363086 0.11519607843137254 0.7912254160363086
0 0.06862745098039216 0.7670196671709532 0.14215686274509803 0.7670196671709532 0.14215686274509803 0.8124054462934948 0.06862745098039216 0.8124054462934948
0 0.17401960784313725 0.859304084720121 0.2867647058823529 0.859304084720121 0.2867647058823529 0.9183055975794251 0.17401960784313725 0.9183055975794251
0 0.32107843137254904 0.913767019667171 0.4264705882352941 0.913767019667171 0.4264705882352941 0.9561270801815431 0.32107843137254904 0.9561270801815431
0 0.47794117647058826 0.8608169440242057 0.6029411764705882 0.8608169440242057 0.6029411764705882 0.9409984871406959 0.47794117647058826 0.9409984871406959
0 0.8921568627450981 0.6747352496217852 0.9877450980392157 0.6747352496217852 0.9877450980392157 0.7246596066565809 0.8921568627450981 0.7246596066565809
0 0.7598039215686274 0.4689863842662632 0.8455882352941176 0.4689863842662632 0.8455882352941176 0.5506807866868382 0.7598039215686274 0.5506807866868382
0 0.28431372549019607 0.2617246596066566 0.4632352941176471 0.2617246596066566 0.4632352941176471 0.41603630862329805 0.28431372549019607 0.41603630862329805
0 0.2965686274509804 0.13313161875945537 0.4852941176470588 0.13313161875945537 0.4852941176470588 0.22390317700453857 0.2965686274509804 0.22390317700453857
0 0.6862745098039216 0.7912254160363086 0.7401960784313726 0.7912254160363086 0.7401960784313726 0.8139183055975794 0.6862745098039216 0.8139183055975794
0 0.33088235294117646 0.6822995461422088 0.3946078431372549 0.6822995461422088 0.3946078431372549 0.7034795763993948 0.33088235294117646 0.7034795763993948