0 0.008116883116883116 0.05555555555555555 0.9415584415584416 0.05555555555555555 0.9415584415584416 1 0.008116883116883116 1
0 0.5340909090909091 0.4188034188034188 0.5762987012987013 0.4188034188034188 0.5762987012987013 0.5042735042735043 0.5340909090909091 0.5042735042735043
0 0.32305194805194803 0.5512820512820513 0.3522727272727273 0.5512820512820513 0.3522727272727273 0.6581196581196581 0.32305194805194803 0.6581196581196581
0 0.07467532467532467 0.6752136752136753 0.125 0.6752136752136753 0.125 0.7905982905982906 0.07467532467532467 0.7905982905982906
0 0.032467532467532464 0.4829059829059829 0.07954545454545454 0.4829059829059829 0.07954545454545454 0.5726495726495726 0.032467532467532464 0.5726495726495726
0 0.4496753246753247 0.1752136752136752 0.4935064935064935 0.1752136752136752 0.4935064935064935 0.24358974358974358 0.4496753246753247 0.24358974358974358
0 0.3782467532467532 0.34615384615384615 0.42207792207792205 0.34615384615384615 0.42207792207792205 0.44017094017094016 0.3782467532467532 0.44017094017094016
0 0.2435064935064935 0.13247863247863248 0.2711038961038961 0.13247863247863248 0.2711038961038961 0.2094017094017094 0.2435064935064935 0.2094017094017094
0 0 0.19658119658119658 0.021103896103896104 0.19658119658119658 0.021103896103896104 0.27350427350427353 0 0.27350427350427353
0 0.625 0.09829059829059829 0.6525974025974026 0.09829059829059829 0.6525974025974026 0.19230769230769232 0.625 0.19230769230769232
0 0.7792207792207793 0.19658119658119658 0.8035714285714286 0.19658119658119658 0.8035714285714286 0.25213675213675213 0.7792207792207793 0.25213675213675213
0 0.6314935064935064 0.6752136752136753 0.6558441558441559 0.6752136752136753 0.6558441558441559 0.7435897435897436 0.6314935064935064 0.7435897435897436
0 0.797077922077922 0.5512820512820513 0.814935064935065 0.5512820512820513 0.814935064935065 0.6153846153846154 0.797077922077922 0.6153846153846154
0 0.2824675324675325 0.905982905982906 0.30844155844155846 0.905982905982906 0.30844155844155846 0.9743589743589743 0.2824675324675325 0.9743589743589743
0 0.008116883116883116 0.7350427350427351 0.032467532467532464 0.7350427350427351 0.032467532467532464 0.8034188034188035 0.008116883116883116 0.8034188034188035
0 0.9334415584415584 0.1794871794871795 0.9561688311688312 0.1794871794871795 0.9561688311688312 0.2606837606837607 0.9334415584415584 0.2606837606837607
0 0.4577922077922078 0.017094017094017096 0.5032467532467533 0.017094017094017096 0.5032467532467533 0.08974358974358974 0.4577922077922078 0.08974358974358974
0 0.8262987012987013 0.8803418803418803 0.8522727272727273 0.8803418803418803 0.8522727272727273 0.9572649572649573 0.8262987012987013 0.9572649572649573
0 0.8701298701298701 0.594017094017094 0.8993506493506493 0.594017094017094 0.8993506493506493 0.6581196581196581 0.8701298701298701 0.6581196581196581