0 0.01038961038961039 0.04680851063829787 0.9532467532467532 0.04680851063829787 0.9532467532467532 0.9957446808510638 0.01038961038961039 0.9957446808510638
0 0.2649350649350649 0.3404255319148936 0.3012987012987013 0.3404255319148936 0.3012987012987013 0.39574468085106385 0.2649350649350649 0.39574468085106385
0 0.38701298701298703 0.20425531914893616 0.41818181818181815 0.20425531914893616 0.41818181818181815 0.28085106382978725 0.38701298701298703 0.28085106382978725
0 0.5974025974025974 0.4085106382978723 0.6337662337662338 0.4085106382978723 0.6337662337662338 0.46808510638297873 0.5974025974025974 0.46808510638297873
0 0.43116883116883115 0.11063829787234042 0.4727272727272727 0.11063829787234042 0.4727272727272727 0.1574468085106383 0.43116883116883115 0.1574468085106383
0 0.4675324675324675 0.2 0.5064935064935064 0.2 0.5064935064935064 0.24680851063829787 0.4675324675324675 0.24680851063829787
0 0.6571428571428571 0.33617021276595743 0.6935064935064935 0.33617021276595743 0.6935064935064935 0.3872340425531915 0.6571428571428571 0.3872340425531915
0 0.7038961038961039 0.26382978723404255 0.7324675324675325 0.26382978723404255 0.7324675324675325 0.30638297872340425 0.7038961038961039 0.30638297872340425
0 0.17142857142857143 0.5063829787234042 0.21298701298701297 0.5063829787234042 0.21298701298701297 0.5319148936170213 0.17142857142857143 0.5319148936170213
0 0.05194805194805195 0.7829787234042553 0.08311688311688312 0.7829787234042553 0.08311688311688312 0.825531914893617 0.05194805194805195 0.825531914893617
0 0.21298701298701297 0.33191489361702126 0.23636363636363636 0.33191489361702126 0.23636363636363636 0.3829787234042553 0.21298701298701297 0.3829787234042553
0 0.3948051948051948 0.059574468085106386 0.42337662337662335 0.059574468085106386 0.42337662337662335 0.11063829787234042 0.3948051948051948 0.11063829787234042
0 0.44675324675324674 0.26382978723404255 0.4909090909090909 0.26382978723404255 0.4909090909090909 0.31063829787234043 0.44675324675324674 0.31063829787234043
0 0.36363636363636365 0.33617021276595743 0.3922077922077922 0.33617021276595743 0.3922077922077922 0.3702127659574468 0.36363636363636365 0.3702127659574468
0 0.561038961038961 0.2680851063829787 0.5896103896103896 0.2680851063829787 0.5896103896103896 0.3191489361702128 0.561038961038961 0.3191489361702128
0 0.5246753246753246 0.14893617021276595 0.5506493506493506 0.14893617021276595 0.5506493506493506 0.2 0.5246753246753246 0.2
0 0.4753246753246753 0.33617021276595743 0.5038961038961038 0.33617021276595743 0.5038961038961038 0.3829787234042553 0.4753246753246753 0.3829787234042553
0 0.3090909090909091 0.2936170212765957 0.33766233766233766 0.2936170212765957 0.33766233766233766 0.33617021276595743 0.3090909090909091 0.33617021276595743
0 0.5584415584415584 0.09361702127659574 0.587012987012987 0.09361702127659574 0.587012987012987 0.14042553191489363 0.5584415584415584 0.14042553191489363
0 0.6493506493506493 0.5106382978723404 0.6779220779220779 0.5106382978723404 0.6779220779220779 0.5531914893617021 0.6493506493506493 0.5531914893617021
0 0.7324675324675325 0.5446808510638298 0.7688311688311689 0.5446808510638298 0.7688311688311689 0.5872340425531914 0.7324675324675325 0.5872340425531914
0 0.8337662337662337 0.4297872340425532 0.8649350649350649 0.4297872340425532 0.8649350649350649 0.4808510638297872 0.8337662337662337 0.4808510638297872
0 0.34285714285714286 0.4297872340425532 0.36623376623376624 0.4297872340425532 0.36623376623376624 0.46808510638297873 0.34285714285714286 0.46808510638297873
0 0.37922077922077924 0.40425531914893614 0.3948051948051948 0.40425531914893614 0.3948051948051948 0.43829787234042555 0.37922077922077924 0.43829787234042555
0 0.4883116883116883 0.14042553191489363 0.5142857142857142 0.14042553191489363 0.5142857142857142 0.1829787234042553 0.4883116883116883 0.1829787234042553
0 0.5168831168831168 0.2170212765957447 0.5428571428571428 0.2170212765957447 0.5428571428571428 0.2553191489361702 0.5168831168831168 0.2553191489361702
0 0.6 0.2936170212765957 0.625974025974026 0.2936170212765957 0.625974025974026 0.33617021276595743 0.6 0.33617021276595743