0 0.1807909604519774 0.0213903743315508 0.9943502824858758 0.0213903743315508 0.9943502824858758 0.8636363636363636 0.1807909604519774 0.8636363636363636
0 0.3870056497175141 0.24866310160427807 0.4152542372881356 0.24866310160427807 0.4152542372881356 0.27540106951871657 0.3870056497175141 0.27540106951871657
0 0.4180790960451977 0.06149732620320856 0.4604519774011299 0.06149732620320856 0.4604519774011299 0.0962566844919786 0.4180790960451977 0.0962566844919786
0 0.5423728813559322 0.2192513368983957 0.5706214689265536 0.2192513368983957 0.5706214689265536 0.24866310160427807 0.5423728813559322 0.24866310160427807
0 0.6242937853107344 0.3155080213903743 0.6610169491525424 0.3155080213903743 0.6610169491525424 0.339572192513369 0.6242937853107344 0.339572192513369
0 0.2655367231638418 0.18449197860962566 0.2994350282485876 0.18449197860962566 0.2994350282485876 0.20588235294117646 0.2655367231638418 0.20588235294117646
0 0.788135593220339 0.4839572192513369 0.827683615819209 0.4839572192513369 0.827683615819209 0.516042780748663 0.788135593220339 0.516042780748663
0 0.4689265536723164 0.48128342245989303 0.5028248587570622 0.48128342245989303 0.5028248587570622 0.5 0.4689265536723164 0.5
0 0.7824858757062146 0.41711229946524064 0.807909604519774 0.41711229946524064 0.807909604519774 0.446524064171123 0.7824858757062146 0.446524064171123
0 0.6214689265536724 0.3983957219251337 0.6440677966101694 0.3983957219251337 0.6440677966101694 0.42513368983957217 0.6214689265536724 0.42513368983957217
0 0.748587570621469 0.5748663101604278 0.7824858757062146 0.5748663101604278 0.7824858757062146 0.5989304812834224 0.748587570621469 0.5989304812834224
0 0.5112994350282486 0.5133689839572193 0.5480225988700564 0.5133689839572193 0.5480225988700564 0.5347593582887701 0.5112994350282486 0.5347593582887701
0 0.6751412429378532 0.28609625668449196 0.6977401129943502 0.28609625668449196 0.6977401129943502 0.3155080213903743 0.6751412429378532 0.3155080213903743
0 0.6271186440677966 0.23796791443850268 0.652542372881356 0.23796791443850268 0.652542372881356 0.25935828877005346 0.6271186440677966 0.25935828877005346
0 0.4604519774011299 0.24598930481283424 0.4887005649717514 0.24598930481283424 0.4887005649717514 0.27807486631016043 0.4604519774011299 0.27807486631016043
0 0.2627118644067797 0.09893048128342247 0.3022598870056497 0.09893048128342247 0.3022598870056497 0.12032085561497326 0.2627118644067797 0.12032085561497326
0 0.3531073446327684 0.4197860962566845 0.3813559322033898 0.4197860962566845 0.3813559322033898 0.4358288770053476 0.3531073446327684 0.4358288770053476
0 0.4096045197740113 0.4572192513368984 0.4406779661016949 0.4572192513368984 0.4406779661016949 0.4839572192513369 0.4096045197740113 0.4839572192513369
0 0.4152542372881356 0.33689839572192515 0.4406779661016949 0.33689839572192515 0.4406779661016949 0.3663101604278075 0.4152542372881356 0.3663101604278075
0 0.4548022598870056 0.42780748663101603 0.480225988700565 0.42780748663101603 0.480225988700565 0.446524064171123 0.4548022598870056 0.446524064171123
0 0.6751412429378532 0.12566844919786097 0.7090395480225988 0.12566844919786097 0.7090395480225988 0.15508021390374332 0.6751412429378532 0.15508021390374332
0 0.7033898305084746 0.5882352941176471 0.7288135593220338 0.5882352941176471 0.7288135593220338 0.6149732620320856 0.7033898305084746 0.6149732620320856
0 0.8135593220338984 0.35294117647058826 0.8502824858757062 0.35294117647058826 0.8502824858757062 0.37967914438502676 0.8135593220338984 0.37967914438502676
0 0.2768361581920904 0.5427807486631016 0.3022598870056497 0.5427807486631016 0.3022598870056497 0.5748663101604278 0.2768361581920904 0.5748663101604278