0 0.43 0.13839285714285715 0.44866666666666666 0.13839285714285715 0.44866666666666666 0.16785714285714284 0.43 0.16785714285714284
0 0.43 0.08303571428571428 0.4513333333333333 0.08303571428571428 0.4513333333333333 0.10446428571428572 0.43 0.10446428571428572
0 0.482 0.3196428571428571 0.49333333333333335 0.3196428571428571 0.49333333333333335 0.3410714285714286 0.482 0.3410714285714286
0 0.4633333333333333 0.4080357142857143 0.48 0.4080357142857143 0.48 0.4330357142857143 0.4633333333333333 0.4330357142857143
0 0.30466666666666664 0.5714285714285714 0.32 0.5714285714285714 0.32 0.6026785714285714 0.30466666666666664 0.6026785714285714
0 0.058666666666666666 0.09375 0.08 0.09375 0.08 0.12767857142857142 0.058666666666666666 0.12767857142857142
0 0.818 0.45267857142857143 0.8333333333333334 0.45267857142857143 0.8333333333333334 0.48214285714285715 0.818 0.48214285714285715
0 0.8213333333333334 0.4955357142857143 0.8366666666666667 0.4955357142857143 0.8366666666666667 0.5151785714285714 0.8213333333333334 0.5151785714285714
0 0.9213333333333333 0.13214285714285715 0.9346666666666666 0.13214285714285715 0.9346666666666666 0.15446428571428572 0.9213333333333333 0.15446428571428572
0 0.5966666666666667 0.625 0.628 0.625 0.628 0.6741071428571429 0.5966666666666667 0.6741071428571429
0 0.43 0.7482142857142857 0.44866666666666666 0.7482142857142857 0.44866666666666666 0.7723214285714286 0.43 0.7723214285714286
0 0.42333333333333334 0.6669642857142857 0.43133333333333335 0.6669642857142857 0.43133333333333335 0.6830357142857143 0.42333333333333334 0.6830357142857143
0 0.37666666666666665 0.5535714285714286 0.388 0.5535714285714286 0.388 0.5741071428571428 0.37666666666666665 0.5741071428571428
0 0.222 0.7392857142857143 0.23333333333333334 0.7392857142857143 0.23333333333333334 0.7616071428571428 0.222 0.7616071428571428
0 0.4246666666666667 0.8705357142857143 0.438 0.8705357142857143 0.438 0.8901785714285714 0.4246666666666667 0.8901785714285714
0 0.738 0.29017857142857145 0.7586666666666667 0.29017857142857145 0.7586666666666667 0.32767857142857143 0.738 0.32767857142857143
0 0.6746666666666666 0.25625 0.6946666666666667 0.25625 0.6946666666666667 0.2875 0.6746666666666666 0.2875
0 0.48 0.25892857142857145 0.5 0.25892857142857145 0.5 0.2830357142857143 0.48 0.2830357142857143
0 0.41 0.32142857142857145 0.43466666666666665 0.32142857142857145 0.43466666666666665 0.35714285714285715 0.41 0.35714285714285715
0 0.6386666666666667 0.45982142857142855 0.6586666666666666 0.45982142857142855 0.6586666666666666 0.49375 0.6386666666666667 0.49375
0 0.41533333333333333 0.013392857142857142 0.43 0.013392857142857142 0.43 0.03571428571428571 0.41533333333333333 0.03571428571428571
0 0.3953333333333333 0.07321428571428572 0.412 0.07321428571428572 0.412 0.09196428571428572 0.3953333333333333 0.09196428571428572
0 0.14533333333333334 0.22053571428571428 0.16533333333333333 0.22053571428571428 0.16533333333333333 0.24821428571428572 0.14533333333333334 0.24821428571428572
2 0.47533333333333333 0.6669642857142857 0.59 0.6669642857142857 0.59 0.7883928571428571 0.47533333333333333 0.7883928571428571
0 0.758 0.55625 0.778 0.55625 0.778 0.5866071428571429 0.758 0.5866071428571429
0 0.622 0.3339285714285714 0.6406666666666667 0.3339285714285714 0.6406666666666667 0.35625 0.622 0.35625
0 0.8273333333333334 0.4160714285714286 0.8446666666666667 0.4160714285714286 0.8446666666666667 0.45 0.8273333333333334 0.45
0 0.782 0.4294642857142857 0.7966666666666666 0.4294642857142857 0.7966666666666666 0.4660714285714286 0.782 0.4660714285714286