0 0.2744599745870394 0.6425992779783394 0.30241423125794153 0.6425992779783394 0.30241423125794153 0.6750902527075813 0.2744599745870394 0.6750902527075813
0 0.18932655654383734 0.6498194945848376 0.21092757306226176 0.6498194945848376 0.21092757306226176 0.6823104693140795 0.18932655654383734 0.6823104693140795
0 0.4866581956797967 0.8158844765342961 0.5095298602287166 0.8158844765342961 0.5095298602287166 0.851985559566787 0.4866581956797967 0.851985559566787
0 0.5692503176620076 0.4693140794223827 0.5883100381194409 0.4693140794223827 0.5883100381194409 0.5072202166064982 0.5692503176620076 0.5072202166064982
0 0.3900889453621347 0.30324909747292417 0.409148665819568 0.30324909747292417 0.409148665819568 0.34296028880866425 0.3900889453621347 0.34296028880866425
0 0.7560355781448539 0.36462093862815886 0.7776365946632783 0.36462093862815886 0.7776365946632783 0.40974729241877256 0.7560355781448539 0.40974729241877256
0 0.6442185514612452 0.4657039711191336 0.6632782719186785 0.4657039711191336 0.6632782719186785 0.5054151624548736 0.6442185514612452 0.5054151624548736
0 0.2579415501905972 0.10830324909747292 0.2833545108005083 0.10830324909747292 0.2833545108005083 0.15162454873646208 0.2579415501905972 0.15162454873646208
0 0.20330368487928843 0.005415162454873646 0.21982210927573062 0.005415162454873646 0.21982210927573062 0.04512635379061372 0.20330368487928843 0.04512635379061372
0 0.15120711562897077 0.01444043321299639 0.16772554002541296 0.01444043321299639 0.16772554002541296 0.05054151624548736 0.15120711562897077 0.05054151624548736
0 0.08513341804320203 0.07942238267148015 0.10038119440914867 0.07942238267148015 0.10038119440914867 0.10469314079422383 0.08513341804320203 0.10469314079422383
0 0.7064803049555273 0.9657039711191335 0.7268106734434562 0.9657039711191335 0.7268106734434562 0.9981949458483754 0.7064803049555273 0.9981949458483754
0 0.8983481575603558 0.48375451263537905 0.9174078780177891 0.48375451263537905 0.9174078780177891 0.5270758122743683 0.8983481575603558 0.5270758122743683
0 0.42947903430749684 0.9296028880866426 0.44599745870393903 0.9296028880866426 0.44599745870393903 0.9584837545126353 0.42947903430749684 0.9584837545126353
0 0.3850063532401525 0.759927797833935 0.40025412960609913 0.759927797833935 0.40025412960609913 0.776173285198556 0.3850063532401525 0.776173285198556
0 0.2363405336721728 0.9205776173285198 0.24523506988564167 0.9205776173285198 0.24523506988564167 0.9458483754512635 0.2363405336721728 0.9458483754512635
0 0.10165184243964422 0.48736462093862815 0.11054637865311309 0.48736462093862815 0.11054637865311309 0.5036101083032491 0.10165184243964422 0.5036101083032491
0 0.2579415501905972 0.4296028880866426 0.27573062261753495 0.4296028880866426 0.27573062261753495 0.45126353790613716 0.2579415501905972 0.45126353790613716
0 0.08767471410419314 0.33935018050541516 0.10038119440914867 0.33935018050541516 0.10038119440914867 0.36101083032490977 0.08767471410419314 0.36101083032490977
0 0.005082592121982211 0.8267148014440433 0.021601016518424398 0.8267148014440433 0.021601016518424398 0.8501805054151624 0.005082592121982211 0.8501805054151624
0 0.5972045743329097 0.7671480144404332 0.6149936467598475 0.7671480144404332 0.6149936467598475 0.7906137184115524 0.5972045743329097 0.7906137184115524
0 0.8843710292249047 0.16425992779783394 0.8996188055908514 0.16425992779783394 0.8996188055908514 0.1967509025270758 0.8843710292249047 0.1967509025270758
0 0.2617534942820839 0.3104693140794224 0.2833545108005083 0.3104693140794224 0.2833545108005083 0.33574007220216606 0.2617534942820839 0.33574007220216606
0 0.022871664548919948 0.38267148014440433 0.035578144853875476 0.38267148014440433 0.035578144853875476 0.4007220216606498 0.022871664548919948 0.4007220216606498
0 0.012706480304955527 0.4657039711191336 0.022871664548919948 0.4657039711191336 0.022871664548919948 0.4891696750902527 0.012706480304955527 0.4891696750902527
0 0.3786531130876747 0.5379061371841155 0.3900889453621347 0.5379061371841155 0.3900889453621347 0.5577617328519856 0.3786531130876747 0.5577617328519856
0 0.3583227445997459 0.5469314079422383 0.36594663278271916 0.5469314079422383 0.36594663278271916 0.5649819494584838 0.3583227445997459 0.5649819494584838
0 0.21855146124523506 0.5108303249097473 0.2363405336721728 0.5108303249097473 0.2363405336721728 0.5324909747292419 0.21855146124523506 0.5324909747292419
0 0.36721728081321475 0.6732851985559567 0.37738246505717915 0.6732851985559567 0.37738246505717915 0.6967509025270758 0.36721728081321475 0.6967509025270758
0 0.23761118170266837 0.5180505415162455 0.25285895806861497 0.5180505415162455 0.25285895806861497 0.5415162454873647 0.23761118170266837 0.5415162454873647
0 0.12960609911054638 0.6046931407942239 0.14104193138500634 0.6046931407942239 0.14104193138500634 0.6245487364620939 0.12960609911054638 0.6245487364620939
0 0.9313850063532402 0.05595667870036101 0.9440914866581956 0.05595667870036101 0.9440914866581956 0.08303249097472924 0.9313850063532402 0.08303249097472924
0 0.3176620076238882 0.03790613718411552 0.3354510800508259 0.03790613718411552 0.3354510800508259 0.06859205776173286 0.3176620076238882 0.06859205776173286
0 0.2884371029224905 0.09566787003610108 0.30749682337992373 0.09566787003610108 0.30749682337992373 0.1263537906137184 0.2884371029224905 0.1263537906137184
0 0.026683608640406607 0.06678700361010831 0.04066073697585769 0.06678700361010831 0.04066073697585769 0.08664259927797834 0.026683608640406607 0.08664259927797834
0 0.1207115628970775 0.27075812274368233 0.13468869123252858 0.27075812274368233 0.13468869123252858 0.2888086642599278 0.1207115628970775 0.2888086642599278