2 0.8074866310160428 0.4567307692307692 0.8262032085561497 0.4567307692307692 0.8262032085561497 0.49278846153846156 0.8074866310160428 0.49278846153846156
2 0.8288770053475936 0.49038461538461536 0.8609625668449198 0.49038461538461536 0.8609625668449198 0.5480769230769231 0.8288770053475936 0.5480769230769231
5 0.24866310160427807 0.5192307692307693 0.2620320855614973 0.5192307692307693 0.2620320855614973 0.5432692307692307 0.24866310160427807 0.5432692307692307
5 0.6925133689839572 0.5240384615384616 0.7165775401069518 0.5240384615384616 0.7165775401069518 0.5456730769230769 0.6925133689839572 0.5456730769230769
2 0.7941176470588235 0.5552884615384616 0.8155080213903744 0.5552884615384616 0.8155080213903744 0.5889423076923077 0.7941176470588235 0.5889423076923077
2 0.7647058823529411 0.5889423076923077 0.7887700534759359 0.5889423076923077 0.7887700534759359 0.6394230769230769 0.7647058823529411 0.6394230769230769
2 0.7299465240641712 0.6418269230769231 0.7727272727272727 0.6418269230769231 0.7727272727272727 0.6778846153846154 0.7299465240641712 0.6778846153846154
2 0.6711229946524064 0.6514423076923077 0.7058823529411765 0.6514423076923077 0.7058823529411765 0.6923076923076923 0.6711229946524064 0.6923076923076923
2 0.7219251336898396 0.6778846153846154 0.8021390374331551 0.6778846153846154 0.8021390374331551 0.7475961538461539 0.7219251336898396 0.7475961538461539
2 0.6898395721925134 0.6947115384615384 0.7192513368983957 0.6947115384615384 0.7192513368983957 0.7283653846153846 0.6898395721925134 0.7283653846153846
2 0.6684491978609626 0.75 0.7513368983957219 0.75 0.7513368983957219 0.8197115384615384 0.6684491978609626 0.8197115384615384
2 0.7566844919786097 0.75 0.8074866310160428 0.75 0.8074866310160428 0.8221153846153846 0.7566844919786097 0.8221153846153846