5 0.6096256684491979 0.23557692307692307 0.6256684491978609 0.23557692307692307 0.6256684491978609 0.25240384615384615 0.6096256684491979 0.25240384615384615
5 0.5080213903743316 0.23557692307692307 0.5374331550802139 0.23557692307692307 0.5374331550802139 0.2620192307692308 0.5080213903743316 0.2620192307692308
5 0.5401069518716578 0.2860576923076923 0.5588235294117647 0.2860576923076923 0.5588235294117647 0.3004807692307692 0.5401069518716578 0.3004807692307692
5 0.5294117647058824 0.30288461538461536 0.5614973262032086 0.30288461538461536 0.5614973262032086 0.3293269230769231 0.5294117647058824 0.3293269230769231
5 0.660427807486631 0.11538461538461539 0.6764705882352942 0.11538461538461539 0.6764705882352942 0.12980769230769232 0.660427807486631 0.12980769230769232
5 0.5882352941176471 0.15384615384615385 0.606951871657754 0.15384615384615385 0.606951871657754 0.16826923076923078 0.5882352941176471 0.16826923076923078
5 0.6042780748663101 0.15625 0.6176470588235294 0.15625 0.6176470588235294 0.17307692307692307 0.6042780748663101 0.17307692307692307
5 0.5481283422459893 0.16346153846153846 0.5641711229946524 0.16346153846153846 0.5641711229946524 0.18028846153846154 0.5481283422459893 0.18028846153846154
5 0.5026737967914439 0.17067307692307693 0.5240641711229946 0.17067307692307693 0.5240641711229946 0.18509615384615385 0.5026737967914439 0.18509615384615385
5 0.47058823529411764 0.16826923076923078 0.4946524064171123 0.16826923076923078 0.4946524064171123 0.18990384615384615 0.47058823529411764 0.18990384615384615
5 0.5614973262032086 0.18269230769230768 0.5775401069518716 0.18269230769230768 0.5775401069518716 0.19951923076923078 0.5614973262032086 0.19951923076923078
5 0.5320855614973262 0.19951923076923078 0.5481283422459893 0.19951923076923078 0.5481283422459893 0.21394230769230768 0.5320855614973262 0.21394230769230768
5 0.4839572192513369 0.19951923076923078 0.5080213903743316 0.19951923076923078 0.5080213903743316 0.22115384615384615 0.4839572192513369 0.22115384615384615
5 0.5668449197860963 0.2091346153846154 0.5828877005347594 0.2091346153846154 0.5828877005347594 0.22596153846153846 0.5668449197860963 0.22596153846153846
5 0.5614973262032086 0.22355769230769232 0.5828877005347594 0.22355769230769232 0.5828877005347594 0.23798076923076922 0.5614973262032086 0.23798076923076922
3 0.42513368983957217 0.6538461538461539 0.6096256684491979 0.6538461538461539 0.6096256684491979 0.9254807692307693 0.42513368983957217 0.9254807692307693