2 0.7780748663101604 0.43509615384615385 0.8048128342245989 0.43509615384615385 0.8048128342245989 0.45913461538461536 0.7780748663101604 0.45913461538461536
2 0.7780748663101604 0.5120192307692307 0.8048128342245989 0.5120192307692307 0.8048128342245989 0.5288461538461539 0.7780748663101604 0.5288461538461539
2 0.7566844919786097 0.5144230769230769 0.7807486631016043 0.5144230769230769 0.7807486631016043 0.5432692307692307 0.7566844919786097 0.5432692307692307
5 0.5668449197860963 0.53125 0.5882352941176471 0.53125 0.5882352941176471 0.5480769230769231 0.5668449197860963 0.5480769230769231
2 0.7379679144385026 0.5408653846153846 0.7593582887700535 0.5408653846153846 0.7593582887700535 0.5721153846153846 0.7379679144385026 0.5721153846153846
2 0.6951871657754011 0.5817307692307693 0.7272727272727273 0.5817307692307693 0.7272727272727273 0.6177884615384616 0.6951871657754011 0.6177884615384616
2 0.5481283422459893 0.6033653846153846 0.5748663101604278 0.6033653846153846 0.5748663101604278 0.6274038461538461 0.5481283422459893 0.6274038461538461
2 0.5828877005347594 0.625 0.6176470588235294 0.625 0.6176470588235294 0.6466346153846154 0.5828877005347594 0.6466346153846154
2 0.5347593582887701 0.6682692307692307 0.5641711229946524 0.6682692307692307 0.5641711229946524 0.6947115384615384 0.5347593582887701 0.6947115384615384
2 0.5855614973262032 0.7379807692307693 0.6256684491978609 0.7379807692307693 0.6256684491978609 0.7644230769230769 0.5855614973262032 0.7644230769230769
2 0.5614973262032086 0.7644230769230769 0.6042780748663101 0.7644230769230769 0.6042780748663101 0.7884615384615384 0.5614973262032086 0.7884615384615384