5 0.9110576923076923 0.37259615384615385 0.9326923076923077 0.37259615384615385 0.9326923076923077 0.40384615384615385 0.9110576923076923 0.40384615384615385
5 0.53125 0.4206730769230769 0.5504807692307693 0.4206730769230769 0.5504807692307693 0.4423076923076923 0.53125 0.4423076923076923
5 0.9254807692307693 0.5 0.9543269230769231 0.5 0.9543269230769231 0.5288461538461539 0.9254807692307693 0.5288461538461539
5 0.875 0.5024038461538461 0.8966346153846154 0.5024038461538461 0.8966346153846154 0.53125 0.875 0.53125
5 0.8341346153846154 0.5120192307692307 0.8533653846153846 0.5120192307692307 0.8533653846153846 0.5384615384615384 0.8341346153846154 0.5384615384615384
5 0.7908653846153846 0.5408653846153846 0.8221153846153846 0.5408653846153846 0.8221153846153846 0.5673076923076923 0.7908653846153846 0.5673076923076923
5 0.8389423076923077 0.5432692307692307 0.8653846153846154 0.5432692307692307 0.8653846153846154 0.5649038461538461 0.8389423076923077 0.5649038461538461
5 0.7716346153846154 0.5913461538461539 0.8004807692307693 0.5913461538461539 0.8004807692307693 0.6153846153846154 0.7716346153846154 0.6153846153846154
5 0.7548076923076923 0.6177884615384616 0.7860576923076923 0.6177884615384616 0.7860576923076923 0.6418269230769231 0.7548076923076923 0.6418269230769231
5 0.7451923076923077 0.6370192307692307 0.7716346153846154 0.6370192307692307 0.7716346153846154 0.6586538461538461 0.7451923076923077 0.6586538461538461
5 0.7836538461538461 0.6610576923076923 0.8125 0.6610576923076923 0.8125 0.6875 0.7836538461538461 0.6875
5 0.8052884615384616 0.6850961538461539 0.8317307692307693 0.6850961538461539 0.8317307692307693 0.7067307692307693 0.8052884615384616 0.7067307692307693
5 0.46875 0.6850961538461539 0.49759615384615385 0.6850961538461539 0.49759615384615385 0.71875 0.46875 0.71875
5 0.7644230769230769 0.7283653846153846 0.7956730769230769 0.7283653846153846 0.7956730769230769 0.7596153846153846 0.7644230769230769 0.7596153846153846
5 0.8028846153846154 0.7668269230769231 0.8341346153846154 0.7668269230769231 0.8341346153846154 0.7908653846153846 0.8028846153846154 0.7908653846153846
5 0.7644230769230769 0.7740384615384616 0.7908653846153846 0.7740384615384616 0.7908653846153846 0.8004807692307693 0.7644230769230769 0.8004807692307693
5 0.6947115384615384 0.7836538461538461 0.7235576923076923 0.7836538461538461 0.7235576923076923 0.8028846153846154 0.6947115384615384 0.8028846153846154
5 0.7908653846153846 0.7956730769230769 0.8149038461538461 0.7956730769230769 0.8149038461538461 0.8197115384615384 0.7908653846153846 0.8197115384615384
5 0.7283653846153846 0.8004807692307693 0.7524038461538461 0.8004807692307693 0.7524038461538461 0.8245192307692307 0.7283653846153846 0.8245192307692307
5 0.6490384615384616 0.8581730769230769 0.6730769230769231 0.8581730769230769 0.6730769230769231 0.8870192307692307 0.6490384615384616 0.8870192307692307
5 0.7067307692307693 0.8942307692307693 0.7331730769230769 0.8942307692307693 0.7331730769230769 0.9254807692307693 0.7067307692307693 0.9254807692307693