5 0.42628205128205127 0.2548076923076923 0.49038461538461536 0.2548076923076923 0.49038461538461536 0.3076923076923077 0.42628205128205127 0.3076923076923077
5 0.358974358974359 0.2620192307692308 0.42948717948717946 0.2620192307692308 0.42948717948717946 0.31490384615384615 0.358974358974359 0.31490384615384615
5 0.40064102564102566 0.3317307692307692 0.46153846153846156 0.3317307692307692 0.46153846153846156 0.3701923076923077 0.40064102564102566 0.3701923076923077
5 0.3557692307692308 0.3317307692307692 0.4166666666666667 0.3317307692307692 0.4166666666666667 0.37740384615384615 0.3557692307692308 0.37740384615384615
5 0.27884615384615385 0.3605769230769231 0.33974358974358976 0.3605769230769231 0.33974358974358976 0.40384615384615385 0.27884615384615385 0.40384615384615385
5 0.5192307692307693 0.49278846153846156 0.5737179487179487 0.49278846153846156 0.5737179487179487 0.5336538461538461 0.5192307692307693 0.5336538461538461
5 0.3782051282051282 0.03365384615384615 0.4326923076923077 0.03365384615384615 0.4326923076923077 0.07932692307692307 0.3782051282051282 0.07932692307692307
5 0.4935897435897436 0.5336538461538461 0.5641025641025641 0.5336538461538461 0.5641025641025641 0.5769230769230769 0.4935897435897436 0.5769230769230769
5 0.1794871794871795 0.6850961538461539 0.2467948717948718 0.6850961538461539 0.2467948717948718 0.7283653846153846 0.1794871794871795 0.7283653846153846
5 0.3301282051282051 0.8197115384615384 0.40705128205128205 0.8197115384615384 0.40705128205128205 0.8653846153846154 0.3301282051282051 0.8653846153846154
5 0.4230769230769231 0.12980769230769232 0.5 0.12980769230769232 0.5 0.1658653846153846 0.4230769230769231 0.1658653846153846
5 0.625 0.15865384615384615 0.6826923076923077 0.15865384615384615 0.6826923076923077 0.20432692307692307 0.625 0.20432692307692307
5 0.4358974358974359 0.17067307692307693 0.4967948717948718 0.17067307692307693 0.4967948717948718 0.21394230769230768 0.4358974358974359 0.21394230769230768