5 0.5985576923076923 0.4495192307692308 0.6298076923076923 0.4495192307692308 0.6298076923076923 0.4855769230769231 0.5985576923076923 0.4855769230769231
5 0.31009615384615385 0.4519230769230769 0.3581730769230769 0.4519230769230769 0.3581730769230769 0.4951923076923077 0.31009615384615385 0.4951923076923077
5 0.41346153846153844 0.5384615384615384 0.45913461538461536 0.5384615384615384 0.45913461538461536 0.5841346153846154 0.41346153846153844 0.5841346153846154
0 0.16346153846153846 0.5673076923076923 0.2091346153846154 0.5673076923076923 0.2091346153846154 0.6129807692307693 0.16346153846153846 0.6129807692307693
0 0.04567307692307692 0.6177884615384616 0.08413461538461539 0.6177884615384616 0.08413461538461539 0.6610576923076923 0.04567307692307692 0.6610576923076923
0 0.12980769230769232 0.6947115384615384 0.17307692307692307 0.6947115384615384 0.17307692307692307 0.7475961538461539 0.12980769230769232 0.7475961538461539
0 0.3942307692307692 0.7043269230769231 0.4423076923076923 0.7043269230769231 0.4423076923076923 0.7596153846153846 0.3942307692307692 0.7596153846153846
0 0.36538461538461536 0.8846153846153846 0.40865384615384615 0.8846153846153846 0.40865384615384615 0.9326923076923077 0.36538461538461536 0.9326923076923077
5 0.2980769230769231 0.1658653846153846 0.33653846153846156 0.1658653846153846 0.33653846153846156 0.20673076923076922 0.2980769230769231 0.20673076923076922
5 0.2620192307692308 0.20432692307692307 0.3076923076923077 0.20432692307692307 0.3076923076923077 0.23798076923076922 0.2620192307692308 0.23798076923076922
5 0.31490384615384615 0.21875 0.3557692307692308 0.21875 0.3557692307692308 0.25721153846153844 0.31490384615384615 0.25721153846153844