2 0.6016042780748663 0.42788461538461536 0.6256684491978609 0.42788461538461536 0.6256684491978609 0.44711538461538464 0.6016042780748663 0.44711538461538464
2 0.553475935828877 0.4375 0.5828877005347594 0.4375 0.5828877005347594 0.4567307692307692 0.553475935828877 0.4567307692307692
2 0.4946524064171123 0.49038461538461536 0.516042780748663 0.49038461538461536 0.516042780748663 0.5096153846153846 0.4946524064171123 0.5096153846153846
2 0.56951871657754 0.5 0.5855614973262032 0.5 0.5855614973262032 0.5144230769230769 0.56951871657754 0.5144230769230769
2 0.5909090909090909 0.5048076923076923 0.6203208556149733 0.5048076923076923 0.6203208556149733 0.5288461538461539 0.5909090909090909 0.5288461538461539
2 0.7272727272727273 0.5264423076923077 0.7593582887700535 0.5264423076923077 0.7593582887700535 0.5576923076923077 0.7272727272727273 0.5576923076923077
2 0.6898395721925134 0.5697115384615384 0.7245989304812834 0.5697115384615384 0.7245989304812834 0.6009615384615384 0.6898395721925134 0.6009615384615384
2 0.5374331550802139 0.5745192307692307 0.5668449197860963 0.5745192307692307 0.5668449197860963 0.6009615384615384 0.5374331550802139 0.6009615384615384
2 0.6256684491978609 0.6105769230769231 0.6524064171122995 0.6105769230769231 0.6524064171122995 0.6322115384615384 0.6256684491978609 0.6322115384615384
2 0.5213903743315508 0.6418269230769231 0.5508021390374331 0.6418269230769231 0.5508021390374331 0.6682692307692307 0.5213903743315508 0.6682692307692307
5 0.606951871657754 0.6730769230769231 0.6256684491978609 0.6730769230769231 0.6256684491978609 0.6947115384615384 0.606951871657754 0.6947115384615384
5 0.5401069518716578 0.6754807692307693 0.5641711229946524 0.6754807692307693 0.5641711229946524 0.6923076923076923 0.5401069518716578 0.6923076923076923