5 0.7668269230769231 0.30528846153846156 0.8004807692307693 0.30528846153846156 0.8004807692307693 0.3389423076923077 0.7668269230769231 0.3389423076923077
5 0.7908653846153846 0.32211538461538464 0.8197115384615384 0.32211538461538464 0.8197115384615384 0.3557692307692308 0.7908653846153846 0.3557692307692308
5 0.7283653846153846 0.33413461538461536 0.7596153846153846 0.33413461538461536 0.7596153846153846 0.3629807692307692 0.7283653846153846 0.3629807692307692
5 0.78125 0.3605769230769231 0.8221153846153846 0.3605769230769231 0.8221153846153846 0.3870192307692308 0.78125 0.3870192307692308
5 0.7067307692307693 0.3629807692307692 0.7403846153846154 0.3629807692307692 0.7403846153846154 0.3918269230769231 0.7067307692307693 0.3918269230769231
5 0.7475961538461539 0.36538461538461536 0.7836538461538461 0.36538461538461536 0.7836538461538461 0.39903846153846156 0.7475961538461539 0.39903846153846156
5 0.4543269230769231 0.4855769230769231 0.4855769230769231 0.4855769230769231 0.4855769230769231 0.5216346153846154 0.4543269230769231 0.5216346153846154
5 0.7668269230769231 0.5600961538461539 0.8076923076923077 0.5600961538461539 0.8076923076923077 0.5913461538461539 0.7668269230769231 0.5913461538461539
5 0.6346153846153846 0.5625 0.6850961538461539 0.5625 0.6850961538461539 0.6057692307692307 0.6346153846153846 0.6057692307692307
5 0.8028846153846154 0.5865384615384616 0.8389423076923077 0.5865384615384616 0.8389423076923077 0.6225961538461539 0.8028846153846154 0.6225961538461539
0 0.5697115384615384 0.6177884615384616 0.6033653846153846 0.6177884615384616 0.6033653846153846 0.6610576923076923 0.5697115384615384 0.6610576923076923
5 0.5721153846153846 0.6947115384615384 0.6129807692307693 0.6947115384615384 0.6129807692307693 0.7331730769230769 0.5721153846153846 0.7331730769230769
5 0.7019230769230769 0.19471153846153846 0.7475961538461539 0.19471153846153846 0.7475961538461539 0.23557692307692307 0.7019230769230769 0.23557692307692307