0 0.1705246913580247 0.05631868131868132 0.49537037037037035 0.05631868131868132 0.49537037037037035 0.6895604395604396 0.1705246913580247 0.6895604395604396
0 0.5547839506172839 0.2129120879120879 0.5655864197530864 0.2129120879120879 0.5655864197530864 0.2403846153846154 0.5547839506172839 0.2403846153846154
0 0.5655864197530864 0.15521978021978022 0.5825617283950617 0.15521978021978022 0.5825617283950617 0.17582417582417584 0.5655864197530864 0.17582417582417584
0 0.22685185185185186 0.20054945054945056 0.2507716049382716 0.20054945054945056 0.2507716049382716 0.22802197802197802 0.22685185185185186 0.22802197802197802
3 0.18287037037037038 0.11675824175824176 0.23765432098765432 0.11675824175824176 0.23765432098765432 0.19093406593406592 0.18287037037037038 0.19093406593406592
0 0.6404320987654321 0.3228021978021978 0.658179012345679 0.3228021978021978 0.658179012345679 0.3557692307692308 0.6404320987654321 0.3557692307692308
0 0.4251543209876543 0.4519230769230769 0.4498456790123457 0.4519230769230769 0.4498456790123457 0.4835164835164835 0.4251543209876543 0.4835164835164835
0 0.3132716049382716 0.32142857142857145 0.33796296296296297 0.32142857142857145 0.33796296296296297 0.3626373626373626 0.3132716049382716 0.3626373626373626
0 0.5640432098765432 0.38186813186813184 0.5856481481481481 0.38186813186813184 0.5856481481481481 0.4065934065934066 0.5640432098765432 0.4065934065934066
0 0.6550925925925926 0.12912087912087913 0.6712962962962963 0.12912087912087913 0.6712962962962963 0.1565934065934066 0.6550925925925926 0.1565934065934066
0 0.691358024691358 0.0782967032967033 0.7060185185185185 0.0782967032967033 0.7060185185185185 0.1043956043956044 0.691358024691358 0.1043956043956044
0 0.7229938271604939 0.17994505494505494 0.7415123456790124 0.17994505494505494 0.7415123456790124 0.21016483516483517 0.7229938271604939 0.21016483516483517
0 0.7955246913580247 0.2925824175824176 0.8117283950617284 0.2925824175824176 0.8117283950617284 0.32005494505494503 0.7955246913580247 0.32005494505494503
0 0.7260802469135802 0.3516483516483517 0.7453703703703703 0.3516483516483517 0.7453703703703703 0.3804945054945055 0.7260802469135802 0.3804945054945055
0 0.7361111111111112 0.08791208791208792 0.7507716049382716 0.08791208791208792 0.7507716049382716 0.11263736263736264 0.7361111111111112 0.11263736263736264
0 0.7584876543209876 0.0782967032967033 0.7723765432098766 0.0782967032967033 0.7723765432098766 0.10714285714285714 0.7584876543209876 0.10714285714285714
0 0.8317901234567902 0.07692307692307693 0.8464506172839507 0.07692307692307693 0.8464506172839507 0.10027472527472528 0.8317901234567902 0.10027472527472528
0 0.8487654320987654 0.2980769230769231 0.8634259259259259 0.2980769230769231 0.8634259259259259 0.32005494505494503 0.8487654320987654 0.32005494505494503
0 0.8564814814814815 0.385989010989011 0.8726851851851852 0.385989010989011 0.8726851851851852 0.41895604395604397 0.8564814814814815 0.41895604395604397
0 0.8233024691358025 0.26785714285714285 0.8387345679012346 0.26785714285714285 0.8387345679012346 0.3008241758241758 0.8233024691358025 0.3008241758241758
0 0.8742283950617284 0.45604395604395603 0.8865740740740741 0.45604395604395603 0.8865740740740741 0.4807692307692308 0.8742283950617284 0.4807692307692308
0 0.7677469135802469 0.49725274725274726 0.7854938271604939 0.49725274725274726 0.7854938271604939 0.5288461538461539 0.7677469135802469 0.5288461538461539
0 0.8611111111111112 0.08379120879120878 0.875 0.08379120879120878 0.875 0.11263736263736264 0.8611111111111112 0.11263736263736264
0 0.5594135802469136 0.03708791208791209 0.5717592592592593 0.03708791208791209 0.5717592592592593 0.07554945054945054 0.5594135802469136 0.07554945054945054
0 0.9050925925925926 0.0260989010989011 0.9251543209876543 0.0260989010989011 0.9251543209876543 0.04532967032967033 0.9050925925925926 0.04532967032967033
0 0.7600308641975309 0.3598901098901099 0.7739197530864198 0.3598901098901099 0.7739197530864198 0.38461538461538464 0.7600308641975309 0.38461538461538464
0 0.8263888888888888 0.5027472527472527 0.841820987654321 0.5027472527472527 0.841820987654321 0.5260989010989011 0.8263888888888888 0.5260989010989011
0 0.7507716049382716 0.20467032967032966 0.7716049382716049 0.20467032967032966 0.7716049382716049 0.23901098901098902 0.7507716049382716 0.23901098901098902
0 0.4182098765432099 0.8104395604395604 0.4375 0.8104395604395604 0.4375 0.8379120879120879 0.4182098765432099 0.8379120879120879
0 0.15200617283950618 0.521978021978022 0.1736111111111111 0.521978021978022 0.1736111111111111 0.5425824175824175 0.15200617283950618 0.5425824175824175
0 0.22067901234567902 0.33791208791208793 0.23996913580246915 0.33791208791208793 0.23996913580246915 0.3708791208791209 0.22067901234567902 0.3708791208791209
0 0.14583333333333334 0.7664835164835165 0.1705246913580247 0.7664835164835165 0.1705246913580247 0.7967032967032966 0.14583333333333334 0.7967032967032966
0 0.02854938271604938 0.3269230769230769 0.05169753086419753 0.3269230769230769 0.05169753086419753 0.3475274725274725 0.02854938271604938 0.3475274725274725
0 0.20987654320987653 0.27884615384615385 0.22608024691358025 0.27884615384615385 0.22608024691358025 0.3076923076923077 0.20987654320987653 0.3076923076923077
0 0.27314814814814814 0.27472527472527475 0.28858024691358025 0.27472527472527475 0.28858024691358025 0.30631868131868134 0.27314814814814814 0.30631868131868134
0 0.2638888888888889 0.41483516483516486 0.2847222222222222 0.41483516483516486 0.2847222222222222 0.4532967032967033 0.2638888888888889 0.4532967032967033
0 0.2800925925925926 0.5494505494505495 0.30169753086419754 0.5494505494505495 0.30169753086419754 0.5824175824175825 0.2800925925925926 0.5824175824175825
3 0.3109567901234568 0.5013736263736264 0.3541666666666667 0.5013736263736264 0.3541666666666667 0.5686813186813187 0.3109567901234568 0.5686813186813187
0 0.2777777777777778 0.0260989010989011 0.29475308641975306 0.0260989010989011 0.29475308641975306 0.04120879120879121 0.2777777777777778 0.04120879120879121
0 0.26774691358024694 0.06593406593406594 0.2816358024691358 0.06593406593406594 0.2816358024691358 0.0989010989010989 0.26774691358024694 0.0989010989010989
0 0.2808641975308642 0.17032967032967034 0.29552469135802467 0.17032967032967034 0.29552469135802467 0.19505494505494506 0.2808641975308642 0.19505494505494506
0 0.35802469135802467 0.13736263736263737 0.3773148148148148 0.13736263736263737 0.3773148148148148 0.17445054945054944 0.35802469135802467 0.17445054945054944
0 0.5023148148148148 0.125 0.5208333333333334 0.125 0.5208333333333334 0.15247252747252749 0.5023148148148148 0.15247252747252749
0 0.5146604938271605 0.034340659340659344 0.5277777777777778 0.034340659340659344 0.5277777777777778 0.06043956043956044 0.5146604938271605 0.06043956043956044
0 0.5270061728395061 0.44505494505494503 0.9212962962962963 0.44505494505494503 0.9212962962962963 0.8722527472527473 0.5270061728395061 0.8722527472527473