3 0.3760092272202999 0.038461538461538464 0.4290657439446367 0.038461538461538464 0.4290657439446367 0.07153846153846154 0.3760092272202999 0.07153846153846154
3 0.17416378316032297 0.10461538461538461 0.21107266435986158 0.10461538461538461 0.21107266435986158 0.1376923076923077 0.17416378316032297 0.1376923076923077
3 0.3621683967704729 0.16 0.40369088811995385 0.16 0.40369088811995385 0.1853846153846154 0.3621683967704729 0.1853846153846154
3 0.43367935409457903 0.15923076923076923 0.47520184544405997 0.15923076923076923 0.47520184544405997 0.1823076923076923 0.43367935409457903 0.1823076923076923
3 0.6078431372549019 0.24615384615384617 0.6389850057670127 0.24615384615384617 0.6389850057670127 0.2630769230769231 0.6078431372549019 0.2630769230769231
3 0.6770472895040369 0.37538461538461537 0.7151095732410612 0.37538461538461537 0.7151095732410612 0.4046153846153846 0.6770472895040369 0.4046153846153846
3 0.4855824682814302 0.47846153846153844 0.5259515570934256 0.47846153846153844 0.5259515570934256 0.4976923076923077 0.4855824682814302 0.4976923076923077
3 0.23414071510957324 0.5846153846153846 0.28143021914648214 0.5846153846153846 0.28143021914648214 0.6107692307692307 0.23414071510957324 0.6107692307692307
3 0.09919261822376009 0.4684615384615385 0.13610149942329874 0.4684615384615385 0.13610149942329874 0.49 0.09919261822376009 0.49
3 0.6205305651672434 0.54 0.657439446366782 0.54 0.657439446366782 0.563076923076923 0.6205305651672434 0.563076923076923
3 0.7520184544405998 0.6023076923076923 0.7820069204152249 0.6023076923076923 0.7820069204152249 0.6338461538461538 0.7520184544405998 0.6338461538461538
3 0.47750865051903113 0.6253846153846154 0.5155709342560554 0.6253846153846154 0.5155709342560554 0.6507692307692308 0.47750865051903113 0.6507692307692308
3 0.29873125720876587 0.7484615384615385 0.32987312572087657 0.7484615384615385 0.32987312572087657 0.7738461538461539 0.29873125720876587 0.7738461538461539
3 0.17993079584775087 0.7223076923076923 0.2122260668973472 0.7223076923076923 0.2122260668973472 0.7453846153846154 0.17993079584775087 0.7453846153846154
3 0.34832756632064593 0.5476923076923077 0.3886966551326413 0.5476923076923077 0.3886966551326413 0.5761538461538461 0.34832756632064593 0.5761538461538461
3 0.5201845444059977 0.54 0.5455594002306805 0.54 0.5455594002306805 0.5623076923076923 0.5201845444059977 0.5623076923076923
3 0.7197231833910035 0.4492307692307692 0.7497116493656286 0.4492307692307692 0.7497116493656286 0.4753846153846154 0.7197231833910035 0.4753846153846154
3 0.6343713956170703 0.6053846153846154 0.6655132641291811 0.6053846153846154 0.6655132641291811 0.6230769230769231 0.6343713956170703 0.6230769230769231
3 0.11649365628604383 0.4238461538461539 0.13725490196078433 0.4238461538461539 0.13725490196078433 0.43923076923076926 0.11649365628604383 0.43923076923076926
3 0.21107266435986158 0.7715384615384615 0.25144175317185696 0.7715384615384615 0.25144175317185696 0.7953846153846154 0.21107266435986158 0.7953846153846154