3 0.39861111111111114 0.24444444444444444 0.4152777777777778 0.24444444444444444 0.4152777777777778 0.2759259259259259 0.39861111111111114 0.2759259259259259
3 0.3902777777777778 0.14444444444444443 0.4 0.14444444444444443 0.4 0.1648148148148148 0.3902777777777778 0.1648148148148148
3 0.2833333333333333 0.1388888888888889 0.29583333333333334 0.1388888888888889 0.29583333333333334 0.1685185185185185 0.2833333333333333 0.1685185185185185
3 0.44027777777777777 0.18518518518518517 0.4583333333333333 0.18518518518518517 0.4583333333333333 0.2111111111111111 0.44027777777777777 0.2111111111111111
3 0.5527777777777778 0.29444444444444445 0.5680555555555555 0.29444444444444445 0.5680555555555555 0.32222222222222224 0.5527777777777778 0.32222222222222224
3 0.5680555555555555 0.24814814814814815 0.5791666666666667 0.24814814814814815 0.5791666666666667 0.2851851851851852 0.5680555555555555 0.2851851851851852
3 0.4986111111111111 0.26481481481481484 0.5194444444444445 0.26481481481481484 0.5194444444444445 0.3111111111111111 0.4986111111111111 0.3111111111111111
3 0.5152777777777777 0.32592592592592595 0.5388888888888889 0.32592592592592595 0.5388888888888889 0.3611111111111111 0.5152777777777777 0.3611111111111111
3 0.39861111111111114 0.4388888888888889 0.4152777777777778 0.4388888888888889 0.4152777777777778 0.4648148148148148 0.39861111111111114 0.4648148148148148
3 0.3625 0.5055555555555555 0.3902777777777778 0.5055555555555555 0.3902777777777778 0.5333333333333333 0.3625 0.5333333333333333
3 0.3347222222222222 0.42592592592592593 0.3486111111111111 0.42592592592592593 0.3486111111111111 0.45 0.3347222222222222 0.45
3 0.33055555555555555 0.35 0.3416666666666667 0.35 0.3416666666666667 0.37962962962962965 0.33055555555555555 0.37962962962962965
3 0.4513888888888889 0.40555555555555556 0.49027777777777776 0.40555555555555556 0.49027777777777776 0.4685185185185185 0.4513888888888889 0.4685185185185185
3 0.5152777777777777 0.4185185185185185 0.5291666666666667 0.4185185185185185 0.5291666666666667 0.44814814814814813 0.5152777777777777 0.44814814814814813
3 0.5458333333333333 0.48333333333333334 0.5611111111111111 0.48333333333333334 0.5611111111111111 0.5055555555555555 0.5458333333333333 0.5055555555555555
3 0.5138888888888888 0.5518518518518518 0.5347222222222222 0.5518518518518518 0.5347222222222222 0.5777777777777777 0.5138888888888888 0.5777777777777777
3 0.4111111111111111 0.4981481481481482 0.43472222222222223 0.4981481481481482 0.43472222222222223 0.5203703703703704 0.4111111111111111 0.5203703703703704
3 0.3402777777777778 0.46111111111111114 0.35694444444444445 0.46111111111111114 0.35694444444444445 0.4888888888888889 0.3402777777777778 0.4888888888888889
3 0.4638888888888889 0.18888888888888888 0.49444444444444446 0.18888888888888888 0.49444444444444446 0.23703703703703705 0.4638888888888889 0.23703703703703705
3 0.7513888888888889 0.45555555555555555 0.7625 0.45555555555555555 0.7625 0.4759259259259259 0.7513888888888889 0.4759259259259259
3 0.3402777777777778 0.06296296296296296 0.3527777777777778 0.06296296296296296 0.3527777777777778 0.08888888888888889 0.3402777777777778 0.08888888888888889
3 0.42083333333333334 0.2777777777777778 0.43333333333333335 0.2777777777777778 0.43333333333333335 0.3 0.42083333333333334 0.3
3 0.4222222222222222 0.3055555555555556 0.43472222222222223 0.3055555555555556 0.43472222222222223 0.32222222222222224 0.4222222222222222 0.32222222222222224