5 0.9307692307692308 0.5284552845528455 0.9507692307692308 0.5284552845528455 0.9507692307692308 0.5842044134727061 0.9307692307692308 0.5842044134727061
5 0.8507692307692307 0.6631823461091754 0.8730769230769231 0.6631823461091754 0.8730769230769231 0.7247386759581882 0.8507692307692307 0.7247386759581882
5 0.20846153846153845 0.6329849012775842 0.23153846153846153 0.6329849012775842 0.23153846153846153 0.6794425087108014 0.20846153846153845 0.6794425087108014
5 0.026153846153846153 0.3554006968641115 0.06230769230769231 0.3554006968641115 0.06230769230769231 0.4332171893147503 0.026153846153846153 0.4332171893147503
5 0.08692307692307692 0.6504065040650406 0.1 0.6504065040650406 0.1 0.6794425087108014 0.08692307692307692 0.6794425087108014
5 0.13846153846153847 0.1254355400696864 0.16230769230769232 0.1254355400696864 0.16230769230769232 0.15795586527293845 0.13846153846153847 0.15795586527293845
5 0.12384615384615384 0.33797909407665505 0.15 0.33797909407665505 0.15 0.38095238095238093 0.12384615384615384 0.38095238095238093
5 0.8815384615384615 0.31939605110336816 0.9038461538461539 0.31939605110336816 0.9038461538461539 0.35423925667828104 0.8815384615384615 0.35423925667828104
5 0.9561538461538461 0.10220673635307782 0.9738461538461538 0.10220673635307782 0.9738461538461538 0.13356562137049943 0.9561538461538461 0.13356562137049943
5 0.1753846153846154 0.34843205574912894 0.1946153846153846 0.34843205574912894 0.1946153846153846 0.38443670150987225 0.1753846153846154 0.38443670150987225
5 0.5376923076923077 0.19279907084785133 0.5561538461538461 0.19279907084785133 0.5561538461538461 0.22531939605110338 0.5376923076923077 0.22531939605110338