5 0.5315384615384615 0.4827225130890052 0.556923076923077 0.4827225130890052 0.556923076923077 0.5340314136125655 0.5315384615384615 0.5340314136125655
5 0.5615384615384615 0.2607329842931937 0.59 0.2607329842931937 0.59 0.31413612565445026 0.5615384615384615 0.31413612565445026
5 0.9261538461538461 0.014659685863874346 0.9561538461538461 0.014659685863874346 0.9561538461538461 0.05968586387434555 0.9261538461538461 0.05968586387434555
5 0.8469230769230769 0.5403141361256545 0.8869230769230769 0.5403141361256545 0.8869230769230769 0.5821989528795811 0.8469230769230769 0.5821989528795811
5 0.6561538461538462 0.6481675392670158 0.6876923076923077 0.6481675392670158 0.6876923076923077 0.6910994764397905 0.6561538461538462 0.6910994764397905
5 0.48538461538461536 0.32774869109947646 0.4976923076923077 0.32774869109947646 0.4976923076923077 0.34973821989528797 0.48538461538461536 0.34973821989528797
5 0.6853846153846154 0.025130890052356022 0.7053846153846154 0.025130890052356022 0.7053846153846154 0.05968586387434555 0.6853846153846154 0.05968586387434555
5 0.6107692307692307 0.1256544502617801 0.6330769230769231 0.1256544502617801 0.6330769230769231 0.15078534031413612 0.6107692307692307 0.15078534031413612
5 0.6484615384615384 0.1162303664921466 0.6661538461538462 0.1162303664921466 0.6661538461538462 0.13926701570680627 0.6484615384615384 0.13926701570680627
5 0.7361538461538462 0.4617801047120419 0.7738461538461539 0.4617801047120419 0.7738461538461539 0.5225130890052356 0.7361538461538462 0.5225130890052356
5 0.7492307692307693 0.5821989528795811 0.7715384615384615 0.5821989528795811 0.7715384615384615 0.6282722513089005 0.7492307692307693 0.6282722513089005
5 0.30846153846153845 0.12879581151832462 0.33 0.12879581151832462 0.33 0.15706806282722513 0.30846153846153845 0.15706806282722513
5 0.6184615384615385 0.4649214659685864 0.6407692307692308 0.4649214659685864 0.6407692307692308 0.5026178010471204 0.6184615384615385 0.5026178010471204
5 0.7376923076923076 0.3968586387434555 0.7569230769230769 0.3968586387434555 0.7569230769230769 0.4324607329842932 0.7376923076923076 0.4324607329842932
5 0.37384615384615383 0.7738219895287958 0.40076923076923077 0.7738219895287958 0.40076923076923077 0.8094240837696335 0.37384615384615383 0.8094240837696335
5 0.9276923076923077 0.4680628272251309 0.9615384615384616 0.4680628272251309 0.9615384615384616 0.5193717277486911 0.9276923076923077 0.5193717277486911
4 0.009230769230769232 0 1 0 1 0.9036649214659686 0.009230769230769232 0.9036649214659686